[[67, 67, 74, 71, 69, 67, 67, 69, 71, 69], [71, 74, 72, 71, 69, 67], [71, 71, 72, 74, 74, 72, 71, 69], [67, 71, 72, 74, 72, 71, 67], [71, 74, 72, 71, 69, 67, 69, 71, 69], [71, 74, 72, 71, 69, 67]]
[[69, 69, 69, 69, 71, 67, 66, 64], [71, 73, 71, 69, 68, 66, 68, 66, 64], [76, 74, 73, 71, 69, 69, 71, 73, 71, 73, 74, 73, 71, 70, 71], [64, 69, 71, 73, 74, 76, 74, 73, 71], [74, 73, 71, 76, 74, 73, 71, 69, 71, 73, 71, 69]]
[[71, 72, 71, 69, 76, 76, 74, 72, 71], [74, 72, 71, 69, 71, 72, 74, 72, 71, 69], [69, 71, 69, 67, 66, 64, 66, 67, 69, 71], [67, 69, 71, 72, 71, 72, 71, 69, 68, 69], [69, 76, 72, 74, 76, 74, 72, 71]]
[[71, 71, 71, 71, 74, 73, 71, 69], [71, 68, 64, 66, 68, 70, 71, 73, 71], [71, 76, 75, 73, 75, 76, 75, 73, 71], [71, 76, 71, 73, 68, 69, 71, 69, 68], [68, 66, 69, 68, 66, 61, 63, 64]]
[[74, 76, 74, 72, 71, 72, 74, 72, 71, 72, 71], [69, 71, 72, 74, 72, 71, 69, 67, 69, 67], [67, 69, 71, 72, 71, 69, 71, 69, 67], [67, 69, 71, 72, 74, 76, 71, 73, 74], [71, 72, 74, 76, 74, 72, 71, 72, 71], [76, 76, 76, 69, 74, 72, 71, 69], [72, 71, 69, 67, 69, 67, 65, 64, 62], [62, 67, 69, 71, 72, 74, 72, 71, 69, 71, 72, 69, 67]]
[[65, 69, 67, 69, 70, 72, 69], [74, 72, 70, 69, 67, 69], [72, 74, 76, 77, 76, 74, 72], [69, 70, 69, 67, 67, 65]]
[[69, 69, 68, 66, 64, 69, 71, 73, 73, 73, 71, 73, 73, 71, 69, 71, 69], [69, 69, 71, 73, 71, 73, 69, 68, 66], [71, 71, 69, 68, 69, 66, 64], [64, 69, 69, 71, 71, 73, 71, 73, 69], [69, 74, 74, 73, 71, 73, 71], [71, 73, 73, 74, 74, 76, 69], [73, 71, 69, 68, 69, 66, 64], [64, 69, 68, 66, 64, 71, 73, 71], [73, 74, 73, 71, 69, 68, 69, 71, 73, 71, 69]]
[[72, 72, 70, 68, 67, 65, 65, 65], [68, 70, 72, 72, 70, 68, 68], [68, 70, 70, 68, 67, 65, 65], [72, 72, 73, 73, 70, 70, 72, 72], [68, 68, 73, 73, 72, 72, 70], [67, 68, 70, 68, 67, 67, 65], [77, 77, 75, 75, 74, 74, 72, 72], [72, 72, 73, 72, 70, 68, 68, 68], [68, 68, 73, 73, 70, 70, 75, 75, 72, 72, 77, 77, 76, 76, 77, 77]]
[[67, 67, 69, 71, 73, 74, 74, 73, 74], [71, 72, 71, 69, 71, 69, 67], [69, 69, 71, 72, 72, 71, 69, 71, 69], [71, 71, 71, 72, 74, 76, 76, 75, 76], [78, 79, 71, 72, 71, 69, 69], [74, 76, 74, 72, 71, 72, 69, 67]]
[[71, 64, 71, 72, 71, 69, 67, 69, 71], [71, 72, 74, 72, 71, 69, 67, 65, 64], [69, 67, 72, 71, 69, 74, 72, 71, 69], [72, 71, 72, 74, 67, 71, 69, 67], [67, 72, 71, 69, 64, 67, 65, 64]]
[[76, 76, 72, 74, 76, 77, 74], [74, 74, 72, 72, 71, 72], [74, 74, 74, 74, 76, 72, 72], [72, 71, 72, 74, 74, 72], [71, 71, 71, 71, 71, 72, 72], [71, 71, 71, 71, 71, 72, 72], [76, 76, 74, 72, 74, 76, 77, 76], [76, 74, 74, 73, 73, 74, 74], [76, 76, 74, 72, 74, 76, 77, 76], [76, 74, 74, 73, 73, 74, 74], [76, 76, 72, 74, 76, 77, 74], [74, 74, 72, 72, 71, 72]]
[[69, 69, 69, 69, 71, 71, 72, 71, 69, 67], [72, 74, 72, 71, 72], [72, 72, 72, 71, 69, 69, 71, 68, 69], [69, 67, 69, 71, 71, 72, 71, 69, 68, 69]]
[[72, 67, 69, 71, 72, 74, 76, 74, 72, 71, 72], [76, 74, 72, 71, 69, 67, 69, 71, 72, 74, 72, 71, 72, 71, 69], [76, 77, 76, 74, 76, 74, 72, 74, 76, 69], [76, 77, 76, 74, 76, 74, 72, 74, 76, 69], [72, 71, 69, 67, 69, 65, 64, 65, 64], [69, 67, 72, 71, 72], [67, 69, 71, 72, 74, 76, 74, 72, 71, 71, 69]]
[[67, 67, 66, 64, 62, 67, 69, 71], [69, 71, 72, 74, 72, 71, 69, 71, 72, 71, 69, 67], [67, 69, 71, 67], [67, 69, 71, 67], [64, 69, 67, 66, 67, 66, 64, 62], [62, 67, 66, 64, 62, 67, 69, 71], [69, 74, 72, 71, 69, 71, 72, 71, 69, 67]]
[[69, 68, 69, 71, 72, 74, 72, 71, 69], [69, 65, 67, 69, 67, 65, 64, 62, 64, 62], [62, 64, 65, 67, 62, 64, 65, 67, 69], [69, 74, 73, 74, 76, 74, 72, 71, 69], [71, 72, 69, 70, 72, 67, 65, 64, 62], [69, 67, 65, 64, 62]]
[[73, 74, 73, 71, 73, 74, 76, 78, 76, 74, 73], [76, 74, 73, 74, 71, 69, 66, 67, 69, 67, 66], [69, 67, 66, 64, 66, 62, 64, 66], [73, 74, 73, 71, 73, 74, 76, 74, 73], [78, 76, 74, 73, 74, 76, 71, 69, 67, 66], [64, 69, 71, 73, 74, 76, 74, 73, 71], [74, 73, 71, 69, 67, 66, 67, 69, 67, 66, 66]]
[[64, 64, 64, 71, 73, 74, 73, 71, 69], [71, 73, 75, 76, 71, 74, 73, 71], [71, 74, 72, 71, 69, 67, 66, 67, 64, 62], [62, 67, 69, 71, 69, 67, 74, 71], [69, 67, 66, 64]]
[[67, 67, 69, 71, 72, 74, 76, 74], [76, 78, 79, 74, 71, 73, 74], [72, 69, 71, 72, 71, 69, 67], [66, 67, 69, 71, 69, 69, 67, 66, 64, 62], [67, 67, 69, 71, 72, 74, 76, 74], [67, 69, 71, 72, 71, 69, 67]]
[[67, 67, 67, 66, 70, 69, 67, 66], [66, 66, 66, 67, 64, 66, 66, 67], [69, 69, 72, 69, 65, 67, 69, 70], [70, 69, 67, 66], [66, 66, 66, 67, 64, 66, 66, 67]]
[[74, 74, 74, 69, 71, 73, 74, 73, 71, 69], [74, 73, 71, 69, 71, 67, 66, 64, 62], [62, 69, 71, 69, 68, 69], [62, 69, 71, 73, 74], [73, 74, 73, 71, 69], [71, 71, 69, 71, 69, 67, 66], [74, 73, 71, 69, 71, 69, 67, 66, 64, 62]]
[[64, 69, 67, 65, 64, 62, 64], [71, 72, 72, 71, 71, 69], [72, 71, 67, 69, 71, 72, 72], [67, 69, 67, 69, 65, 64], [72, 71, 72, 74, 72, 71, 69, 71], [64, 65, 64, 62, 67, 64]]
[[67, 65, 63, 65, 67, 68, 70, 68, 67], [70, 67, 68, 67, 65, 63, 65, 67, 65, 63], [70, 72, 74, 75, 75, 74, 72, 70, 72, 72, 70], [70, 72, 74, 75, 75, 74, 72, 70, 72, 72, 70], [65, 67, 68, 68, 67, 70, 68, 67, 65, 65], [70, 67, 68, 67, 65, 63, 65, 67, 65, 63]]
[[69, 69, 71, 72, 74, 71, 72, 74], [76, 72, 69, 71, 71, 69], [76, 74, 72, 71, 69, 71], [71, 72, 74, 76, 72, 74, 74, 72, 71], [71, 72, 74, 76, 72, 74, 74, 72, 71], [76, 72, 71, 69, 71, 71, 69]]
[[62, 69, 69, 71, 73, 74, 74], [78, 76, 74, 74, 73, 74], [74, 76, 78, 78, 76, 74, 73, 71, 73, 69], [73, 74, 73, 71, 71, 69], [69, 66, 67, 69, 71, 69, 69, 67, 66, 66], [69, 67, 66, 64, 64, 62]]
[[65, 65, 67, 68, 70, 72], [72, 72, 70, 68, 70, 67], [67, 68, 70, 72, 72, 70, 72], [72, 68, 70, 72, 73, 75, 72, 70, 68, 68], [72, 75, 72, 72, 72, 70, 70], [70, 72, 70, 68, 70, 68, 67, 65]]
[[65, 67, 69, 70, 72, 72, 74, 76, 77], [65, 67, 69, 70, 72, 72, 70, 69, 67], [69, 65, 65, 70, 69, 67, 65], [72, 67, 69, 70, 70, 69, 69, 67], [72, 74, 76, 77, 69, 67, 65]]
[[70, 70, 69, 67, 65, 70, 72, 74, 70], [65, 70, 72, 74, 75, 72, 70, 72, 70], [70, 70, 67, 69, 70, 69, 67, 65, 64, 65], [65, 70, 72, 74, 75, 74, 72, 74], [72, 74, 75, 77, 75, 74, 72, 70, 72, 70]]
[[71, 71, 69, 74, 73, 71, 73, 71], [71, 73, 74, 76, 74, 76, 78, 74], [74, 76, 78, 76, 74, 76, 74, 73, 71], [71, 71, 69, 74, 73, 71, 73, 71]]
[[67, 69, 71, 69, 67, 66, 64, 62], [67, 69, 71, 72, 71, 69, 67], [71, 72, 74, 72, 71, 69, 71], [74, 74, 76, 74, 72, 71, 69], [71, 74, 72, 71, 69, 67, 69, 71, 67], [71, 72, 74, 72, 71, 69, 71, 69, 67]]
[[64, 71, 71, 69, 71, 64, 66, 67, 67, 67, 66, 64], [67, 67, 67, 64, 67, 69, 71, 69, 67, 66, 64], [67, 67, 67, 64, 67, 69, 71, 69, 67], [74, 76, 74, 72, 71, 69, 67, 69, 71, 69, 67, 66, 64]]
[[72, 74, 69, 71, 72, 74, 76, 74, 76, 77, 74, 72], [72, 71, 69, 71, 72, 74, 72, 71, 69], [74, 76, 76, 71, 72, 74, 72, 72, 71], [72, 74, 69, 71, 72, 74, 69, 71, 72, 69, 67], [72, 71, 69, 71, 72, 74, 72, 71, 69]]
[[76, 76, 76, 78, 78, 76], [73, 74, 73, 71, 73, 74, 71, 69], [76, 76, 76, 71, 71, 71, 73, 73, 71], [71, 73, 75, 76, 76, 75, 76], [76, 78, 76, 74, 73, 74], [73, 71, 73, 74, 71, 71, 69, 69]]
[[69, 64, 66, 68, 69, 71, 72, 74, 72, 71, 71, 69], [72, 71, 69, 71, 72, 74, 76], [76, 77, 79, 72, 77, 76, 74, 72], [74, 74, 76, 69, 74, 72, 71, 71, 69]]
[[64, 67, 67, 69, 71, 72, 71, 69], [67, 72, 71, 72, 69, 67, 65, 64], [64, 69, 69, 67, 72, 71, 69, 67], [67, 72, 67, 69, 64, 69, 67, 65, 64], [64, 69, 69, 67, 65, 64, 65, 62, 60], [60, 67, 69, 71, 72, 67, 69, 67, 65, 65, 64]]
[[69, 71, 73, 74, 76, 69, 68, 66, 64], [66, 68, 69, 71, 73, 74, 71, 69], [73, 73, 71, 73, 74, 73, 71, 71, 69, 71], [66, 68, 69, 71, 73, 74, 71, 69, 68, 69]]
[[69, 71, 71, 69, 66, 64, 66, 68, 69, 71, 69], [73, 74, 76, 78, 76, 73, 69, 66, 68, 69, 71, 69], [73, 73, 73, 71, 73, 69], [69, 71, 71, 73, 69], [71, 71, 73, 71, 69, 68, 66, 71, 71, 69, 68, 66, 64], [66, 68, 69, 71, 69]]
[[76, 76, 71, 72, 74, 72, 71, 71, 69], [72, 72, 71, 69, 68, 69, 71], [71, 72, 74, 72, 71, 72, 71, 69, 69, 67], [72, 74, 76, 74, 72, 77, 76, 74, 72], [71, 72, 74, 76, 74, 72, 71], [69, 71, 72, 71, 74, 72, 71, 69, 69]]
[[67, 68, 70, 70, 63, 65, 67], [72, 74, 75, 67, 65, 63], [70, 65, 67], [72, 72, 70, 69], [70, 65, 67, 69, 70, 70, 69, 70], [72, 74, 75, 67, 65, 63]]
[[64, 64, 67, 67, 69, 69, 71, 71], [71, 74, 72, 71, 69, 69, 67], [69, 69, 71, 67, 66, 66, 66, 64], [76, 76, 74, 74, 73, 73, 71, 71], [74, 74, 72, 71, 69, 69, 67], [69, 69, 71, 67, 66, 66, 64]]
[[72, 71, 69, 67], [67, 69, 71, 72], [74, 72, 71, 69, 71, 72, 69, 67], [72, 71, 72, 74], [74, 76, 74, 72, 74], [67, 69, 71, 72, 74, 76, 77, 74, 72]]
[[64, 67, 69, 67, 72, 72, 71, 72], [72, 71, 69, 74, 72, 71, 72, 71, 69], [69, 69, 69, 71, 69, 71, 67, 67, 66, 67], [67, 69, 71, 72, 71, 69, 71], [64, 66, 67, 69, 67, 72, 72, 71, 72], [72, 71, 69, 74, 72, 71, 72, 71, 69]]
[[73, 69, 71, 73, 76, 74, 74, 73], [76, 74, 73, 71, 71, 73], [71, 71, 71, 73, 71, 69, 71, 68], [68, 69, 71, 73, 71, 73, 74, 73, 73, 69]]
[[62, 64, 66, 67, 69, 69, 67, 66, 64], [69, 71, 73, 74, 73, 71, 69], [69, 74, 73, 71, 69, 67, 66, 64], [69, 67, 66, 64, 66, 67, 66, 64, 62]]
[[71, 71, 71, 78, 76, 78, 76, 74, 73], [71, 73, 74, 73, 74, 76, 78, 76, 74, 73], [74, 73, 71, 71, 76, 76, 74, 73, 74, 76, 74, 73, 71, 69], [69, 74, 73, 74, 76, 78, 76, 74, 73], [71, 73, 74, 73, 74, 76, 78, 76, 74, 73], [78, 78, 78, 76, 74, 73, 74, 76, 73, 71]]
[[74, 73, 71, 73, 69, 71, 73, 74], [74, 74, 69, 69, 66, 67, 69, 67, 66], [66, 71, 71, 69, 71, 73, 74, 73, 71, 69], [74, 73, 71, 69, 71, 69, 67, 66, 64, 62]]
[[69, 69, 65, 67, 69, 65, 64, 62], [69, 69, 67, 72, 69, 65, 67, 69], [69, 71, 72, 74, 76, 77, 76, 74, 73, 74], [74, 76, 74, 72, 71, 69, 68, 69], [74, 72, 71, 72, 69, 69, 67, 65], [69, 70, 69, 67, 65, 67, 65, 64, 62]]
[[69, 71, 72, 72], [72, 74, 76, 76], [76, 76, 74, 72, 71, 71, 69, 69], [76, 76, 77, 77, 76, 76, 74, 74], [74, 74, 76, 76, 74, 74, 72, 72], [72, 74, 76, 74, 72, 71, 71, 69, 69]]
[[62, 69, 69, 67, 74, 72, 71, 69], [72, 71, 69, 71, 69], [71, 72, 71, 72, 69, 67, 65, 64, 62], [69, 69, 67, 65, 64, 62, 60], [69, 65, 72, 69, 67, 65, 67, 69], [67, 65, 64, 62, 60, 65, 64, 62, 61, 62]]
[[69, 65, 67, 69, 70, 72, 70, 69], [69, 70, 72, 72, 67, 69, 67, 65, 64], [60, 65, 67, 69, 70, 72, 70, 69, 67], [69, 65, 67, 69, 70, 72, 70, 69], [69, 70, 72, 72, 67, 69, 67, 65, 64], [60, 65, 67, 69, 67, 69, 70, 69, 67, 65]]
[[67, 67, 67, 69, 67, 72, 74, 72], [71, 72, 74, 76, 74, 72, 71, 69, 67], [67, 72, 71, 72, 74, 69, 67, 66, 64, 62], [62, 69, 69, 69, 71, 72, 71, 69, 67, 69, 71, 69], [67, 67, 67, 67]]
[[69, 64, 66, 68, 69, 71, 73, 71, 69], [73, 74, 76, 76, 74, 73, 74, 76, 74, 73], [73, 74, 73, 71, 69, 71, 73, 73, 69], [73, 74, 76, 76, 73, 74, 76, 74, 73], [73, 74, 73, 71, 69, 71, 73, 73, 69], [71, 73, 73, 66, 68, 69, 68, 66, 64], [64, 69, 71, 73, 71, 73, 74, 73, 71, 69]]
[[67, 67, 67, 74, 72, 70, 74, 72, 70, 69], [74, 74, 76, 77, 76, 74, 73, 74], [74, 72, 69, 70, 72, 74, 72, 70, 69, 70], [77, 79, 77, 74, 72, 70, 69, 67, 66, 67]]
[[67, 74, 74, 74, 74, 76, 74, 72, 71], [69, 71, 73, 74, 76, 76, 74], [74, 74, 74, 74, 71, 72, 74, 72, 71, 69], [74, 72, 71, 69, 69, 67, 69, 71, 72, 74], [74, 72, 71, 69, 71, 69, 67]]
[[71, 73, 74, 73, 71], [78, 74, 74, 76, 76, 78, 78, 76, 74, 73, 71], [78, 76, 74, 73], [78, 76, 74, 73], [73, 74, 74, 76, 76, 78, 78, 76, 74, 73, 71]]
[[64, 66, 67, 67, 69, 71, 71, 64, 69, 67, 66], [69, 71, 73, 74, 73, 71, 69, 71, 73, 74, 74], [69, 71, 73, 74, 73, 71, 69, 71, 73, 74, 74, 69, 67, 66, 67, 69, 71], [64, 66, 67, 67, 69, 71, 72, 74, 74, 71, 69, 67, 66, 67, 69, 67, 66, 66, 66, 66]]
[[76, 72, 71, 72, 71], [68, 69, 69, 68], [76, 76, 76, 77, 76, 74, 74, 72], [71, 72, 74, 76, 74, 72, 71], [69, 71, 72, 74, 72, 71, 69]]
[[74, 73, 71, 69, 67, 66, 71, 71, 69], [74, 73, 71, 69, 67, 66, 71, 71, 69], [69, 71, 73, 74, 76, 78, 76, 74, 76, 74], [74, 74, 76, 74, 71, 73, 74, 74, 73], [73, 74, 76, 74, 71, 73, 74, 74, 73], [78, 79, 78, 76, 78, 76, 74, 74, 73, 74], [73, 74, 73, 71, 69, 69, 68, 69], [78, 76, 74, 73], [78, 79, 78, 76, 78, 76, 74, 74, 73, 74], [74, 74, 74, 76, 74, 74, 73, 74]]
[[67, 67, 67, 66], [62, 67, 69, 70, 70, 72, 70, 69], [69, 70, 72, 74, 72, 70, 75, 75, 74, 73, 72, 72, 70], [70, 69, 67, 65, 62, 63, 65, 65, 67, 65, 63, 62], [74, 72, 70, 69, 69, 67]]
[[66, 67, 69, 71, 69, 67, 66, 66], [69, 71, 73, 74, 74, 73, 73, 71], [76, 74, 73, 74, 73, 71, 69, 69], [69, 71, 73, 74, 74, 73], [69, 69, 71, 69, 67, 66, 66], [69, 71, 73, 74, 74, 73, 74]]
[[67, 65, 63, 65, 67, 68, 70], [72, 70, 68, 67, 65, 65, 63], [67, 70, 68, 67, 65, 63, 62], [63, 65, 67, 67, 68, 67], [67, 68, 70, 68, 67, 65, 67], [65, 65, 67, 69, 70, 70, 69, 70], [70, 67, 72, 70, 68, 67, 65], [67, 68, 70, 68, 67, 65, 65, 63]]
[[66, 71, 73, 74, 73, 71, 73, 71, 70, 66], [69, 69, 67, 66, 71, 71, 70, 71], [73, 74, 76, 78, 78, 76, 74, 74], [78, 76, 74, 73, 71, 73, 74, 73, 71]]
[[73, 69, 71, 73, 74, 76, 74, 73], [73, 76, 76, 71, 74, 73, 69, 68], [64, 69, 71, 73, 74, 76, 74, 73, 71], [73, 69, 71, 73, 74, 76, 74, 73], [73, 74, 76, 76, 71, 73, 69, 68], [64, 69, 71, 73, 74, 76, 74, 73, 71, 69]]
[[67, 69, 71, 69, 67, 66, 64, 62], [67, 69, 71, 72, 71, 69, 67], [71, 72, 74, 72, 71, 69, 71], [74, 74, 76, 74, 72, 71, 69], [71, 72, 74, 72, 71, 67, 69, 71, 67], [71, 74, 72, 71, 69, 71, 69, 67]]
[[62, 67, 69, 71, 76, 74, 72, 71], [76, 74, 72, 71, 72, 74, 69, 67], [74, 76, 76, 69], [69, 74, 74, 67], [71, 69, 67, 66, 67, 66, 64, 62], [74, 72, 71, 69, 71, 72, 69, 67]]
[[62, 64, 65, 67, 69, 67, 72, 71, 69, 69], [67, 72, 71, 69, 67, 65, 64, 62], [62, 67, 67, 64, 69, 69, 68, 69], [69, 74, 74, 76, 74, 72, 74, 72, 71, 69], [71, 72, 71, 69, 67, 69, 67, 65, 64], [62, 64, 65, 67, 69, 67, 65, 67, 65, 64, 62], [74, 74, 74, 76, 74, 72, 71, 69]]
[[67, 69, 71, 69, 67, 66, 64, 62], [67, 69, 71, 72, 71, 69, 67], [67, 69, 71, 69, 67, 66, 64, 62], [67, 69, 71, 72, 71, 69, 67], [71, 72, 74, 72, 71, 69, 71], [74, 74, 76, 74, 72, 71, 69], [71, 72, 74, 72, 71, 69, 67, 69, 71, 67], [71, 72, 74, 72, 71, 69, 71, 69, 67]]
[[65, 65, 67, 69, 67, 69, 70, 69, 67, 67, 65], [69, 70, 69, 67, 65, 64, 65, 67], [72, 70, 69, 67, 65, 64, 65, 62, 60], [69, 70, 69, 67, 65, 69, 67, 65]]
[[74, 76, 74, 72, 71, 72, 74, 69], [71, 73, 74], [74, 76, 74, 69, 71, 72, 71, 69, 67], [67, 69, 71, 72, 71, 72, 74, 74, 69, 67, 66, 64, 62], [62, 67, 69, 71, 72, 74, 74, 72, 71, 69, 71], [71, 72, 74, 76, 74, 69, 71, 73, 74], [74, 76, 74, 69, 71, 72, 71, 69, 67], [67, 69, 71, 72, 71, 72, 74, 74, 69, 67, 66, 64, 62], [62, 67, 69, 71, 72, 74, 74, 72, 71, 69, 64, 66, 67], [69, 71, 67, 64, 62], [69, 71, 72, 71, 69, 67]]
[[67, 67, 67, 69, 67], [72, 74, 72, 71, 69, 67], [69, 71, 72, 67, 65, 64, 65, 64, 62, 60], [67, 67, 67, 69, 67, 66, 67, 69, 67], [67, 67, 69, 71, 72, 71, 69, 67], [71, 72, 74, 74, 74, 69, 67, 64, 62], [64, 66, 67, 65, 64, 66, 67], [62, 64, 65, 64, 62, 64, 62, 60], [67, 67, 67, 69, 67, 66, 67, 69, 67]]
[[71, 67, 66, 67, 69, 67, 66, 64, 66, 67, 69, 69, 71], [71, 72, 74, 72, 71, 69, 67, 69, 71, 72, 71], [74, 76, 74, 72, 71, 69, 67, 69, 71, 72, 69, 67], [71, 71, 71, 69, 67, 66, 66, 64], [67, 66, 64, 62], [62, 67, 67, 69, 69, 71], [72, 71, 69, 67, 66, 64, 66, 67, 66, 64]]
[[67, 69, 70, 69, 67, 66, 67, 69, 70, 69, 67], [70, 72, 72, 74, 70, 72, 72, 74], [74, 75, 74, 75, 77, 75, 74, 72, 70, 72, 70], [74, 70, 72, 70, 69, 67, 66, 67]]
[[67, 67, 66, 67, 69, 70, 69, 67], [67, 69, 69, 74, 72, 70, 69], [67, 74, 72, 70, 69, 70, 72, 70, 69, 67], [70, 69, 67, 65, 64, 62, 64, 65, 67, 69], [69, 70, 72, 74, 72, 70, 72, 70, 69, 67]]
[[69, 74, 72, 70, 69, 67, 69], [76, 77, 77, 76, 74, 76, 74], [77, 76, 74, 72, 74, 76, 77, 77], [72, 74, 72, 70, 69, 70, 69], [77, 76, 77, 79, 77, 76, 74, 76], [69, 70, 69, 67, 72, 69]]
[[65, 65, 64, 65, 69, 72, 70, 69, 67, 67, 67], [60, 62, 64, 65, 65, 64, 65], [65, 67, 69, 67, 69, 70, 72, 67, 67, 67, 67, 67, 67, 69, 69], [65, 64, 62, 62, 61, 62]]
[[67, 69, 71, 69, 67, 66, 64, 62], [67, 69, 71, 72, 71, 69, 67], [71, 72, 74, 72, 71, 69, 71], [74, 74, 76, 74, 72, 71, 69], [71, 72, 74, 72, 71, 69, 67, 69, 71, 67], [71, 72, 74, 72, 71, 69, 71, 72, 69, 67]]
[[69, 69, 76, 76, 74, 73, 71, 73, 74, 73, 71, 69], [69, 71, 73, 74, 71, 76, 78, 76], [73, 73, 74, 76, 74, 73, 71, 69, 71, 73, 71], [73, 69, 71, 73, 74], [73, 71, 73, 74], [73, 71, 69, 76, 74, 73, 74, 73, 71, 69]]
[[71, 71, 71, 70, 68, 66, 71, 73, 74, 74, 76, 74, 73], [73, 74, 76, 78, 76, 74, 79, 79, 78, 76, 78, 76, 74], [74, 73, 71, 69, 66, 67, 69, 69, 71, 69, 67, 66], [78, 76, 74, 73, 71]]
[[72, 72, 74, 76, 74, 72, 71, 72], [72, 72, 72, 74, 72, 71, 69, 68, 69], [71, 72, 74, 76, 77, 79, 77, 76, 74, 76], [76, 76, 76, 74, 74, 76, 74, 72, 71], [71, 71, 73, 74, 72, 71, 69, 68, 69], [71, 72, 74, 76, 76, 76, 75, 76]]
[[66, 71, 69, 67, 66, 64, 66], [73, 74, 74, 73, 71, 73, 71], [74, 73, 71, 69, 71, 73, 74, 74], [69, 71, 69, 67, 67, 66], [74, 73, 74, 76, 74, 73, 71, 73], [66, 67, 66, 64, 69, 66]]
[[76, 76, 76, 76, 74, 72, 71], [72, 74, 76, 76, 74, 72, 71], [69, 71, 72, 69, 69, 67, 65, 64], [65, 67, 69, 69, 67, 65, 64], [69, 68, 69, 71, 72, 71, 69], [72, 74, 76, 76, 74, 72, 71], [69, 71, 72, 69, 69, 67, 65, 64], [65, 67, 69, 69, 67, 65, 64, 64]]
[[69, 70, 72, 74, 69, 71, 72], [67, 67, 69, 70, 72, 69], [65, 65, 67, 69, 70, 72], [74, 70, 72, 74, 72, 72, 70], [74, 74, 74, 72, 72, 70, 70, 69], [69, 70, 69, 67, 67, 65, 65, 64], [67, 67, 69, 70, 72, 70, 69, 67], [67, 67, 69, 71, 72, 70, 69, 69]]
[[73, 71, 69, 71, 73, 74, 76], [78, 76, 74, 73, 71, 71, 69], [73, 76, 74, 73, 71, 69, 68], [69, 71, 73, 73, 74, 76, 74, 73], [73, 71, 73, 74, 76, 74, 73, 71, 73], [71, 71, 73, 75, 76, 76, 75, 76], [76, 73, 78, 76, 74, 73, 71, 71], [73, 73, 74, 76, 74, 73, 71, 71, 69]]
[[69, 71, 71, 69, 68, 66, 64, 66, 68, 69, 71, 69], [73, 74, 76, 78, 76, 74, 73, 71, 69, 68, 66, 68, 69], [73, 73, 73, 71, 73, 69], [69, 71, 73, 74, 73, 71, 69], [71, 73, 74, 73, 71, 69, 68, 66, 68, 69, 71, 69, 68, 66, 64], [66, 68, 69, 69, 68, 69]]
[[71, 68, 66, 64, 71, 71, 73], [73, 66, 66, 71, 69, 68, 66, 64], [71, 73, 73, 71, 69, 68], [66, 68, 70, 71, 73, 75, 73, 71, 71], [71, 71, 71, 76, 74, 73], [73, 73, 73, 78, 76, 75], [71, 73, 71, 73, 75, 76], [71, 71, 69, 68, 66, 66, 64]]
[[62, 69, 66, 64, 62, 69, 71, 73, 74, 71, 69], [69, 71, 73, 74, 73, 71, 74, 73, 71, 69], [66, 71, 69, 67, 66, 64, 62], [69, 66], [69, 66], [66, 66, 64, 64, 66, 66, 64, 66, 67, 66, 64, 62], [74, 73, 71, 69, 67, 66, 64, 62]]
[[72, 67, 72, 72, 70, 70, 69, 69, 67], [63, 67, 65, 63, 62, 63, 62, 60], [63, 65, 67, 68, 68, 67, 67, 65, 63], [67, 69, 70, 67, 72, 72, 71], [72, 75, 74, 72, 72, 71, 72]]
[[69, 69, 71, 72, 74, 71, 71, 72, 74], [76, 72, 69, 71, 71, 69], [76, 74, 72, 71, 69, 71], [71, 72, 74, 76, 72, 74, 74, 72, 71], [71, 72, 74, 76, 72, 74, 74, 72, 71], [76, 72, 71, 69, 71, 71, 69]]
[[66, 71, 69, 67, 66, 64, 66], [73, 74, 73, 74, 76, 74, 73, 71, 71], [74, 73, 71, 69, 71, 73, 74, 74], [69, 71, 69, 71, 69, 67, 66], [74, 73, 74, 76, 74, 73, 71, 73], [66, 67, 66, 64, 69, 67, 66]]
[[70, 70, 77, 74, 72, 70, 69, 70, 69, 67, 65, 70, 72, 74, 75, 72, 70], [77, 75, 74, 72, 70, 79], [74, 75, 77, 77, 79, 77, 75, 74, 72], [65, 67, 69, 70, 72, 74, 75, 72, 70]]
[[66, 66, 66, 65, 66, 68, 69, 68, 66], [69, 71, 71, 73, 71, 69, 71, 73], [73, 73, 71, 73, 71, 69, 71, 69, 68, 66], [66, 68, 69, 69, 71, 69, 68, 66, 66], [71, 73, 71, 66, 68, 69, 68, 66, 68, 66], [66, 66, 64, 69, 71, 73, 71, 69, 71, 71, 73], [74, 73, 71, 73, 74, 71, 69, 69], [73, 73, 71, 69, 71, 73, 74, 73], [76, 73, 74, 73, 71, 73, 73, 74, 73, 74, 76, 74, 73, 71, 69], [73, 73, 69, 71, 69, 68, 66], [64, 66, 68, 69, 66, 66], [64, 66, 68, 69, 68, 66, 65, 66]]
[[71, 71, 70, 71, 73, 74, 73, 71], [71, 73, 73, 78, 76, 74, 73], [78, 76, 74, 73, 76, 74, 73, 71], [74, 73, 71, 69, 68, 66, 68, 69, 71, 73], [73, 74, 76, 78, 76, 74, 76, 74, 73, 71]]
[[70, 70, 69, 67, 69, 70, 72, 70], [70, 70, 72, 69, 67, 65, 70, 69], [69, 70, 70, 72, 74, 72, 72], [74, 75, 74, 72, 74, 72, 70, 70, 72, 72, 70, 70]]
[[67, 67, 69, 70, 69, 74, 74, 72, 70, 69], [70, 69, 67, 74, 72, 74, 67, 69, 71, 72], [70, 69, 74, 72, 70, 69], [67, 69, 70, 70, 72, 72, 74, 74, 70], [74, 72, 70, 69, 67, 69, 70, 69, 67]]
[[74, 75, 77, 77, 75, 74, 72, 72], [74, 75, 77, 75, 74, 72, 70, 70], [72, 74, 75, 75, 74, 74, 72], [75, 77, 79, 79, 77, 77, 75], [74, 75, 77, 77, 75, 74, 72, 72], [74, 75, 77, 75, 74, 72, 70, 70, 70]]
[[69, 69, 67, 65, 64, 62], [69, 69, 71, 73, 74, 73], [74, 76, 77, 76, 76, 74], [69, 69, 70, 69, 67, 69, 70, 67, 65], [69, 71, 72, 69, 74, 72, 71, 71, 69], [69, 74, 67, 65, 64, 64, 62]]
[[69, 71, 71, 69, 68, 66, 64, 66, 68, 69], [73, 74, 76, 78, 76, 74, 73, 71, 69, 68, 66, 68, 69], [73, 73, 73, 71, 73, 69], [69, 71, 73, 74, 73, 71, 73, 69], [71, 73, 74, 73, 71, 69, 68, 66, 64, 69, 71, 73, 71, 69, 68, 66, 64], [66, 68, 69, 71, 69]]
[[66, 71, 69, 67, 66, 64, 66], [73, 74, 74, 73, 71, 73, 71], [74, 73, 71, 69, 71, 73, 74, 74], [69, 71, 69, 67, 67, 66], [74, 73, 74, 76, 74, 73, 71, 73], [66, 67, 66, 64, 69, 66]]
[[69, 69, 71, 72, 74, 71, 72, 74], [76, 72, 69, 71, 71, 69], [76, 74, 72, 71, 69, 71], [71, 72, 74, 76, 76, 74, 71], [71, 72, 74, 76, 76, 74, 72, 71], [76, 74, 72, 71, 69, 71, 71, 69]]
[[67, 67, 67, 65, 67, 63, 62, 60], [67, 69, 70, 72, 67, 69, 70, 69, 67], [70, 70, 70, 68, 67, 65, 63, 65, 67, 65, 63], [67, 67, 67, 65, 63, 62, 62, 60], [67, 67, 65, 67, 69, 70, 69, 67, 65], [72, 74, 72, 67, 69, 70, 69, 67, 69, 67]]
[[70, 70, 72, 74, 72, 70, 69, 67], [74, 75, 72, 74, 72, 70], [70, 72, 74, 74, 75, 75, 77, 75, 74, 72], [77, 74, 74, 72, 70, 69, 67], [74, 75, 72, 74, 72, 70]]
[[67, 67, 69, 71, 72, 74, 74, 74, 73, 74], [71, 72, 71, 69, 67, 66, 67], [69, 69, 71, 72, 72, 71, 69, 71, 69], [71, 71, 71, 72, 74, 76, 76, 75, 75, 76], [78, 79, 71, 72, 71, 69, 69], [74, 76, 74, 72, 71, 69, 67]]
[[74, 70, 72, 74, 75, 77, 75, 74], [74, 75, 77, 77, 72, 74, 70, 72], [65, 70, 72, 74, 74, 75, 72], [74, 70, 72, 74, 75, 77, 75, 74], [74, 75, 77, 77, 72, 74, 70, 69], [65, 70, 72, 74, 75, 74, 72, 70]]
[[66, 71, 73, 74, 73, 71, 73, 70, 66], [69, 69, 67, 66, 71, 71, 70, 71], [73, 74, 76, 78, 76, 78, 79, 76, 76, 74], [78, 76, 74, 73, 71, 73, 74, 76, 73, 71]]
[[71, 71, 71, 70, 66, 71, 73, 74, 74, 76, 74, 73], [73, 74, 76, 78, 76, 74, 79, 79, 78, 76, 78, 76, 74], [74, 73, 71, 69, 67, 66, 67, 69, 69, 71, 69, 67, 66], [78, 76, 74, 73, 71]]
[[73, 71, 69, 71, 73, 75, 76], [78, 76, 74, 73, 71, 71, 69], [73, 76, 74, 73, 71, 69, 68], [69, 71, 73, 73, 74, 76, 74, 73], [73, 74, 76, 74, 73, 71, 73], [71, 71, 73, 75, 76, 76, 75, 76], [76, 73, 78, 76, 74, 73, 71, 71], [73, 76, 74, 73, 71, 71, 69]]
[[75, 74, 72, 70, 68, 67, 72, 72, 70], [75, 74, 72, 70, 68, 67, 72, 72, 70], [70, 72, 74, 75, 77, 79, 77, 75, 74, 75], [75, 74, 72, 70, 68, 67, 72, 72, 70], [75, 74, 72, 70, 68, 67, 72, 72, 70], [70, 72, 74, 75, 77, 79, 77, 75, 74, 75], [75, 75, 77, 75, 74, 72, 74, 75, 75, 74], [74, 75, 77, 75, 74, 72, 74, 75, 79, 77, 74], [79, 79, 79, 77, 75, 75, 74, 75], [74, 75, 74, 72, 70, 70, 69, 70], [79, 77, 75, 74], [79, 80, 79, 77, 79, 75, 75, 74, 75], [75, 75, 75, 77, 75, 75, 74, 75]]
[[63, 70, 70, 72, 74, 75, 75], [79, 77, 75, 75, 74, 75], [75, 77, 79, 79, 77, 75, 74, 72, 74, 70], [74, 75, 74, 72, 72, 70], [70, 67, 68, 70, 72, 70, 70, 68, 67], [70, 68, 67, 65, 65, 63]]
[[67, 67, 69, 70, 69, 67, 66, 67, 67, 66, 67, 69], [69, 70, 70, 69, 70, 72, 74, 70, 69, 67], [69, 69, 70, 72, 70, 69, 67, 65], [72, 74, 76, 77, 76, 74, 73, 74], [74, 74, 72, 70, 69, 70, 72, 74, 72, 70, 69], [74, 74, 72, 74, 75, 74, 72, 70, 69], [69, 70, 70, 69, 70, 72, 74, 70, 69, 67]]
[[67, 67, 63, 65, 67, 65, 63, 62, 60], [67, 67, 65, 70, 67, 65, 63, 65, 67], [67, 69, 70, 72, 74, 75, 74, 72, 71, 72], [72, 74, 72, 70, 69, 67, 69, 67], [72, 70, 69, 70, 68, 67, 67, 65, 63], [67, 68, 67, 65, 63, 65, 63, 62, 60]]
[[69, 69, 69, 68, 64, 69, 71, 72, 72, 74, 72, 71, 72, 71], [71, 72, 74, 76, 77, 76, 72, 77, 77, 76, 74, 72, 74, 74, 72], [72, 71, 69, 67, 66, 64, 66, 67, 67, 69, 67, 65, 64], [76, 74, 72, 71, 71, 69]]
[[66, 71, 73, 74, 73, 71, 73, 70, 66], [69, 69, 67, 66, 71, 71, 70, 71], [73, 74, 76, 78, 78, 76, 74, 74], [78, 76, 74, 73, 71, 73, 74, 73, 71]]
[[77, 77, 77, 77, 75, 73, 72], [73, 75, 77, 77, 75, 73, 72], [70, 72, 73, 70, 70, 68, 66, 65], [66, 68, 70, 70, 68, 66, 65], [70, 69, 70, 72, 73, 72, 70, 70], [73, 75, 77, 77, 75, 73, 72, 72], [70, 72, 73, 72, 70, 70, 68, 66, 65], [66, 68, 70, 70, 68, 66, 65, 65]]
[[69, 69, 71, 72, 74, 71, 69, 67], [67, 69, 69, 71, 71, 64], [69, 76, 74, 72, 71, 69, 71], [71, 72, 74, 76, 76, 74, 71], [74, 72, 71, 69, 69, 71, 69, 67], [65, 64, 69, 71, 72, 71, 69]]
[[66, 67, 69, 71, 69, 74, 74, 73, 74], [74, 73, 71, 76, 74, 73, 73, 71], [71, 71, 71, 73, 71, 69, 69, 68, 69], [69, 71, 73, 74, 73, 71, 73], [66, 67, 69, 71, 69, 74, 74, 73, 74], [74, 73, 71, 76, 74, 73, 73, 71]]
[[74, 74, 73, 71, 69, 74, 76, 78], [78, 78, 76, 78, 78, 76, 74, 76, 76, 74], [74, 74, 76, 78, 76, 78, 76, 74, 76, 73, 71], [76, 76, 74, 73, 74, 73, 71, 69], [69, 74, 74, 76, 76, 78, 76, 78, 74], [74, 79, 79, 78, 76, 78, 76], [76, 78, 78, 79, 79, 81, 79, 78, 76, 74], [78, 76, 74, 73, 74, 73, 71, 69], [69, 74, 73, 71, 69, 76, 78, 76], [78, 79, 78, 76, 78, 79, 76, 74]]
[[72, 68, 70, 72, 73, 75, 73, 72], [72, 73, 75, 75, 70, 72, 68, 67], [63, 68, 70, 72, 72, 70], [72, 68, 70, 72, 73, 75, 73, 72], [72, 73, 75, 75, 70, 72, 68, 67], [63, 68, 70, 72, 73, 72, 70, 68]]
[[70, 70, 77, 77, 75, 74, 72, 74, 75, 74, 72, 70], [70, 72, 74, 75, 72, 77, 79, 77], [74, 74, 75, 77, 75, 74, 72, 70, 72, 74, 72, 72], [74, 70, 72, 74, 75], [74, 72, 74, 75], [74, 72, 70, 77, 75, 74, 75, 74, 72, 70]]
[[65, 67, 68, 70, 72, 70, 75, 74, 72, 72], [70, 75, 74, 72, 70, 68, 67, 65], [65, 67, 68, 70, 72, 70, 75, 74, 72, 72], [70, 75, 74, 72, 70, 68, 67, 65], [65, 70, 70, 67, 72, 72, 71, 72], [72, 77, 77, 79, 77, 75, 77, 75, 74, 72], [74, 75, 74, 72, 70, 72, 70, 68, 67], [65, 67, 68, 70, 72, 70, 68, 70, 68, 67, 65], [77, 77, 77, 79, 77, 75, 74, 72]]
[[66, 67, 69, 71, 69, 74, 74, 73, 74], [74, 73, 71, 76, 74, 73, 73, 71], [66, 67, 69, 71, 69, 74, 74, 73, 74], [74, 73, 71, 76, 74, 73, 73, 71], [71, 71, 71, 73, 74, 73, 71, 69, 69, 68, 69], [69, 71, 73, 74, 73, 71, 73], [66, 67, 69, 71, 69, 74, 74, 73, 74], [74, 73, 71, 76, 74, 73, 73, 71]]
[[67, 72, 71, 72, 74, 75, 70, 68, 67], [67, 65, 70, 67, 72, 71, 72, 74], [75, 74, 72, 70, 68, 67, 68, 70, 65, 63], [75, 74, 72, 70, 70, 72, 70, 68, 67, 67], [65, 70, 68, 67, 75, 74, 71, 72, 74], [75, 77, 75, 74, 72, 71, 72, 74, 74, 72, 72], [75, 75, 74, 72, 71, 79, 72, 69, 71, 72, 72]]
[[69, 69, 71, 72, 74, 71, 72, 72, 71, 72, 74], [76, 74, 72, 71, 69, 72, 71, 69, 69], [76, 74, 72, 71, 69, 71], [71, 72, 74, 76, 76, 74, 72, 71, 72, 71], [71, 72, 74, 76, 76, 74, 72, 71, 72, 71], [76, 74, 72, 71, 69, 72, 71, 69, 69]]
[[71, 71, 71, 71], [76, 74, 74, 72, 72, 71], [67, 69, 69, 71, 72, 74, 72, 71, 69, 69, 67], [69, 69, 69, 69], [71, 69, 67, 67, 69, 67, 66, 66], [66, 67, 67, 69, 69, 71, 72, 74, 72, 71, 69, 67]]
[[67, 69, 71, 72, 74, 72, 71, 69, 71], [71, 71, 69, 71, 72, 71, 69, 67, 69, 67], [67, 69, 71, 72, 71, 69, 71, 69], [69, 71, 72, 74, 72, 71, 69, 71], [67, 69, 71, 72, 71, 69, 67, 64, 66, 67]]
[[69, 69, 69, 67, 69, 65, 64, 62], [69, 71, 72, 74, 69, 71, 72, 71, 69], [72, 72, 72, 70, 69, 67, 65, 67, 69, 67, 65], [69, 69, 69, 67, 65, 64, 64, 62], [69, 69, 67, 69, 71, 72, 71, 69, 67], [74, 76, 74, 69, 71, 72, 71, 69, 71, 69]]
[[67, 67, 67, 67, 67, 67, 69, 71, 72], [72, 74, 74, 72, 67, 67, 69, 71, 72], [72, 74, 74, 72, 67, 69, 67, 65], [67, 69, 71, 72], [70, 69, 67, 69, 70], [69, 67, 67, 67]]
[[67, 67, 74, 74, 72, 74, 71, 67], [71, 71, 69, 69, 67, 69, 66, 62], [69, 69, 71, 69, 67, 66, 64, 62, 62], [74, 74, 74, 76, 72, 74, 71, 67], [71, 71, 69, 69, 67, 69, 66, 62], [67, 69, 71, 72, 74, 72, 71, 69, 67, 67]]
[[71, 71, 71, 71, 76, 74, 72, 71], [71, 72, 74, 66, 67, 69, 71], [69, 69, 69, 69, 69, 71, 69], [69, 71, 73, 74, 74, 73, 74], [74, 71, 71, 72, 74, 76, 71], [71, 69, 67, 66, 66, 64, 64]]
[[71, 74, 71, 71, 71, 71, 72, 71, 69, 69, 67], [71, 74, 69, 64, 67, 66, 64]]
[[71, 69, 67, 69, 74, 71, 67, 69], [67, 67, 67, 67, 69, 71, 69, 67], [62, 62, 64, 66, 67, 69, 66, 62, 67, 67, 67, 67, 69, 67, 69, 67]]
[[67, 69, 71], [69, 72, 72, 71, 69, 69, 67], [69, 69, 67, 65, 64, 64, 62], [62, 69, 69, 67, 69, 71, 72, 71, 69, 67], [67, 65, 67, 69, 67, 67, 65, 64], [64, 62, 67, 69, 71, 72, 72, 72], [72, 72, 71, 69, 67, 69, 71, 71, 71], [64, 62, 67, 69, 71, 72, 72, 72], [72, 72, 71, 69, 67], [69, 69, 67, 65, 64, 62], [62, 69, 69, 67, 69, 71, 72, 71, 69, 67], [67, 65, 67, 69, 67, 67, 65, 64], [71, 72, 74], [71, 74, 72, 71, 69, 67], [71, 72, 74, 71, 72, 74, 72, 71, 69, 67], [69, 69, 67, 65, 64, 62], [62, 69, 69, 67, 69, 71, 72, 71, 69, 67], [67, 65, 67, 69, 67, 67, 65, 64]]
[[62, 69, 67, 69, 64, 65, 64], [67, 65, 64, 62, 61, 62], [69, 69, 74, 72, 71, 69, 71, 72, 71, 69], [71, 72, 69, 69, 64, 65, 65, 64], [62, 64, 65, 67, 69, 67, 65, 64, 62], [74, 74, 76, 74, 76, 73, 74, 74], [76, 71, 72, 69, 69, 64, 65, 64], [69, 68, 69, 71, 72, 71, 69, 68, 69], [71, 73, 74, 69, 67, 69, 64, 65, 64], [67, 65, 64, 62, 61, 62, 64, 65, 64, 62], [65, 67, 69, 71, 72, 71, 69], [67, 65, 64, 62], [64, 65, 67, 65, 67, 62, 61, 62]]
[[74, 69, 74, 74, 76, 72, 71, 69], [65, 69, 67, 65, 64, 62, 62], [65, 67, 69, 69, 70, 69, 67, 65], [65, 67, 69, 69, 70, 69, 67, 65], [69, 71, 72, 69, 74, 74, 73], [74, 76, 77, 76, 74, 74, 73, 74]]
[[69, 69, 71, 73, 74, 74, 73], [71, 74, 69, 66, 67, 66, 64, 62], [62, 64, 66, 64, 62, 64, 66], [74, 73, 74, 76, 74, 73, 71, 69], [69, 69, 74, 73, 69, 71, 69, 67, 66], [64, 66, 67, 69, 67, 66, 64, 62], [62, 64, 66, 64, 62, 64, 66], [69, 69, 69, 66, 67, 66, 64, 62]]
[[67, 71, 74, 71, 69, 71, 73, 74], [76, 74, 72, 71, 69, 67, 69, 71, 69, 67], [69, 71, 71, 69, 74, 74, 73, 74], [71, 72, 71, 69, 67, 67, 66, 67]]
[[67, 67, 69, 71], [71, 72, 71, 69], [69, 67, 69, 71, 69, 67, 69], [69, 71, 69, 67, 67, 66, 67], [71, 72, 71, 69], [69, 67, 67, 66], [66, 67, 66, 64, 64, 63, 64], [67, 67, 66, 67], [71, 72, 71, 69], [69, 67, 69, 71, 69, 67, 69], [69, 71, 69, 67, 67, 66, 67]]
[[71, 71, 69, 67, 66, 64], [71, 71, 73, 75, 76, 75], [76, 79, 78, 76, 76], [71, 71, 72, 71, 69, 67, 67], [71, 73, 74, 71, 76, 74, 73, 71], [71, 71, 69, 67, 66, 64]]
[[67, 67, 69, 67, 69, 71, 72, 72, 71, 72], [74, 76, 72], [71, 72, 74, 69], [74, 74, 72, 71, 69, 69, 67], [67, 67, 69, 67, 69, 71, 72, 72, 71, 72], [74, 76, 72], [71, 72, 74, 69], [74, 74, 72, 71, 69, 69, 67]]
[[67, 72, 72, 74, 74, 76, 74], [74, 72, 71, 69, 69, 71, 71], [67, 67, 67, 72, 72, 71], [71, 76, 76, 72, 72, 74, 71], [71, 72, 72, 69, 69, 71, 67], [67, 72, 74, 76, 74, 72]]
[[69, 69, 68, 69, 71], [69, 71, 73, 71, 69], [73, 74, 76, 74, 73, 71, 73, 71], [69, 71, 73, 71, 69, 68, 69, 68, 68], [69, 69, 68, 69, 71], [69, 71, 73, 71, 69, 69]]
[[74, 69, 74, 76, 77, 74, 76], [72, 72, 72, 70, 69, 67, 69], [74, 69, 74, 76, 77, 74, 76], [72, 72, 72, 70, 69, 67, 69], [77, 77, 76, 76, 74, 76, 73], [69, 71, 73, 74, 74, 73, 74], [77, 77, 76, 76, 74, 76, 73], [69, 71, 73, 74, 74, 73, 74]]
[[65, 65, 65, 69, 70, 72, 74, 72], [65, 65, 69, 70, 72, 74, 72], [72, 74, 72, 70, 69, 70, 69, 67, 65], [65, 67, 67, 69, 67, 65, 67, 69], [72, 74, 72, 70, 69, 70, 69, 67, 65], [65, 67, 67, 69, 67, 65, 67, 69], [62, 62, 64, 64, 65, 64, 65, 67, 69, 70, 72], [69, 69, 67, 67, 65, 65]]
[[69, 68, 69, 71, 71, 69, 71, 73], [74, 73, 71, 69, 68, 69, 71, 69], [69, 71, 73, 74, 73, 71, 69, 71, 69, 68, 66], [68, 64, 64, 71, 73, 74, 73, 71, 69], [76, 73, 73, 71, 69, 68, 69, 71, 69]]
[[69, 69, 71, 72, 71, 76, 74, 72, 71], [72, 71, 69, 76, 74, 76, 69, 71, 73, 74], [72, 71, 76, 76, 74, 72, 71], [69, 71, 72, 72, 74, 74, 76, 76, 74, 72], [76, 74, 72, 71, 69, 71, 72, 71, 69]]
[[64, 69, 71, 72, 71, 69, 71, 68, 66, 64], [67, 67, 65, 64, 69, 69, 71, 68, 69], [71, 72, 74, 76, 76, 74, 76, 77, 74, 72], [76, 74, 72, 71, 69, 71, 72, 71, 71, 69]]
[[63, 70, 70, 72, 74, 75], [74, 75, 74, 72, 72, 70], [70, 72, 70, 68, 67, 65], [67, 63, 65, 67, 68, 70, 68, 67], [74, 75, 74, 72, 72, 70], [75, 74, 72, 70, 72, 70, 68, 67, 68, 70, 68, 67, 65, 63]]
[[71, 71, 72, 74, 71, 67, 69, 71, 72], [71, 69, 67, 67, 69, 71, 71, 69, 67, 69, 67], [71, 69, 71, 67, 64, 66, 67, 69], [71, 67, 67, 67, 69, 71, 71, 69, 67, 69, 67]]
[[75, 74, 72, 79, 77, 75, 74, 75, 77, 71], [72, 74, 75, 68, 67, 65, 70, 67], [75, 74, 72, 79, 77, 75, 74, 75, 77, 71], [72, 74, 75, 68, 67, 65, 70, 67], [79, 70, 69, 70, 75, 74, 72, 74], [74, 75, 77, 71, 79, 75, 74, 72, 72]]
[]
[[71, 71, 71, 74, 72, 72, 71], [71, 71, 69, 71, 72, 71, 69, 67], [71, 71, 69, 69, 67, 67, 66], [76, 74, 72, 71, 69, 69, 67]]
[[69, 69, 71, 71, 73, 73, 74], [76, 76, 74, 74, 73, 71, 73, 74, 71, 69], [69, 69, 71, 71, 69, 67, 66], [69, 69, 67, 67, 66, 64, 66, 67, 64, 62], [74, 74, 73, 73, 71, 71, 69], [69, 69, 67, 66, 64, 64, 62]]
[[69, 74, 69, 71, 69, 67, 66, 66], [69, 69, 67, 66, 64, 62, 62], [64, 64, 66, 68, 69, 69, 68, 69, 69], [71, 73, 74, 74, 73, 73, 71, 71], [66, 66, 71, 69, 69, 68, 69], [71, 69, 67, 66, 64, 62, 62]]
[[69, 67, 62, 65, 67, 69, 69, 67], [69, 67, 62, 65, 67, 69, 69, 67], [69, 71, 72, 69, 67, 67, 65, 64], [65, 67, 62, 65, 67, 69, 69, 67]]
[[67, 67, 74, 74, 72, 70, 69, 69], [74, 77, 75, 74, 72, 72, 70], [69, 70, 72, 72, 70, 72, 69, 69], [74, 74, 72, 70, 69, 69, 67], [70, 70, 70, 70, 75, 74, 72, 72], [72, 74, 70, 72, 69, 69, 67, 67]]
[[69, 69, 69, 66, 68, 69, 71, 69, 68, 66], [66, 68, 69, 71, 64, 66, 68, 69, 66, 64], [71, 73, 73, 69, 71, 73, 74, 73, 71], [69, 71, 73, 71, 69, 69, 68, 69]]
[[65, 72, 72, 70, 69, 67, 69, 71, 72], [72, 69, 72, 70, 72, 69, 67, 65], [72, 74, 74, 69, 72, 70, 70, 69], [77, 76, 74, 72, 74, 70, 69, 67, 65]]
[[67, 67, 67, 69, 71, 72, 71, 69, 67], [69, 69, 64, 66, 67, 69, 67], [67, 74, 74, 76, 74, 72, 71, 73, 74], [74, 74, 74, 76, 74, 72, 71, 69, 67], [64, 66, 67, 64, 62, 61, 62], [67, 67, 69, 71, 72, 71, 69, 67], [69, 69, 64, 66, 67, 66, 64, 62], [65, 64, 60, 64, 66, 67, 69, 67]]
[[62, 67, 69, 71, 69, 67], [69, 71, 72, 71, 69, 67], [71, 74, 74, 72, 71, 69], [71, 67, 72, 71, 69, 67, 69], [69, 71, 72, 71, 69, 67]]
[[67, 67, 67, 69, 67, 72, 74, 72], [71, 74, 76, 74, 71, 69, 67], [67, 72, 71, 74, 69, 67, 64, 62], [62, 69, 69, 69, 71, 72, 69, 67, 69, 71, 69, 67, 67, 67]]
[[62, 64, 65, 67, 69, 74, 73, 73], [74, 76, 77, 65, 67, 67, 65], [67, 67, 69, 72, 70, 67, 69, 69], [72, 72, 74, 77, 76, 74, 73, 74, 74]]
[[69, 69, 67, 65, 64, 69, 67, 64, 65], [69, 69, 67, 65, 64, 69, 67, 64, 65], [69, 71, 73, 74, 69, 71, 72, 71, 69], [71, 72, 71, 69, 69, 67, 65, 64, 65], [67, 67, 69, 67, 65, 64, 65, 65, 64], [71, 72, 71, 69, 64, 69, 69, 68]]
[[74, 74, 74, 74, 72, 70, 69], [74, 74, 75, 77, 75, 74, 72, 74], [74, 72, 70, 69, 67, 69, 70, 69], [74, 70, 70, 72, 74, 75, 74, 72, 72, 74, 74, 72, 71]]
[[70, 70, 69, 67, 67, 65, 70, 72, 72, 74], [74, 74, 74, 72, 72, 74, 75, 74, 74, 72], [70, 72, 74, 72, 72, 70, 67, 69, 69, 70], [77, 74, 70, 72, 72, 75, 74, 72, 72, 70]]
[[65, 65, 65, 72, 72, 74, 72], [72, 65, 67, 69, 70, 69, 67, 65, 65], [69, 69, 69, 67, 69, 65, 64, 62, 60], [72, 74, 72, 72, 69, 70, 72, 70, 69], [74, 72, 70, 69, 67, 69, 72, 69, 67, 65]]
[[67, 70, 67, 66, 67, 69, 70], [70, 69, 70, 72, 69, 70, 69], [70, 69, 67, 67, 66, 67], [70, 70, 70, 69, 70, 67, 66], [70, 70, 70, 69, 70, 67, 66], [67, 69, 71, 72, 72, 71, 72], [69, 70, 69, 67, 66, 67]]
[[67, 67, 67, 67, 69, 71], [71, 71, 74, 67, 69, 71, 69, 67], [71, 69, 71, 67, 69, 66], [67, 67, 67, 69, 67, 66, 64], [66, 66, 66, 66, 67, 69], [69, 69, 71, 72, 72, 71], [71, 71, 74, 72, 71, 69], [69, 71, 69, 67, 66, 64]]
[[62, 65, 67, 69], [70, 69, 67, 72, 70, 69], [74, 72, 70, 69, 67, 65, 67, 65, 63, 62], [69, 70, 72, 74], [74, 72, 67, 69, 70, 69, 67]]
[[73, 69, 71, 71, 73, 75, 76], [71, 73, 74, 73, 71, 69], [71, 71, 76, 76, 74, 74, 73], [71, 71, 69, 68, 66, 64], [69, 69, 74, 74, 73, 73, 71], [69, 69, 69, 69, 71, 64], [76, 74, 73, 71, 69, 68, 66], [71, 69, 74, 73, 71, 69]]
[[69, 69, 67, 72, 71, 69, 71, 69], [69, 71, 72, 74, 72, 74, 76, 72], [72, 74, 76, 74, 72, 74, 72, 71, 69], [69, 69, 67, 72, 71, 69, 71, 69]]
[[67, 69, 70, 67], [74, 72, 70, 69, 67, 69], [70, 72, 74, 70], [74, 75, 74, 72, 72, 70], [74, 72, 70, 67], [72, 72, 70, 69, 67, 65], [70, 72, 74, 70], [74, 72, 67, 69, 70, 69, 67]]
[[67, 69, 70, 70, 72, 70, 69, 69], [70, 72, 74, 74, 75, 74, 72, 72, 70], [74, 72, 74, 74, 72, 70, 72, 72], [72, 74, 75, 75, 74, 72, 74, 74, 72], [67, 69, 70, 70, 72, 72, 74, 74], [74, 74, 75, 74, 72, 70, 69, 69, 67]]
[[70, 67, 72, 70], [63, 65, 67, 68, 70, 67, 63], [65, 67, 69, 70], [74, 72, 74, 75, 74, 72, 70], [70, 71, 71, 72], [74, 75, 75, 77, 75, 74, 72], [70, 72, 74, 75, 75, 74, 75]]
[[67, 65, 65, 67, 69, 67, 65, 64, 62], [65, 67, 69, 67, 66, 67], [72, 67, 69, 70, 69, 67, 69], [67, 65, 67, 69, 67, 65, 64, 62], [65, 67, 69, 67, 66, 67]]
[[67, 64, 69, 71, 72, 72, 71], [69, 71, 72, 67, 64, 65, 64, 62, 60], [64, 66, 68, 69, 71, 71, 69], [71, 72, 74, 76, 74, 72, 72]]
[[65, 65, 67, 69, 70, 72, 67, 69, 71, 72], [70, 69, 67, 69, 70, 72, 70, 69, 67, 69], [69, 72, 70, 69, 67, 65, 64, 65], [65, 67, 65, 67, 69, 70, 69, 67, 65, 64, 65]]
[[73, 73, 74, 76, 73, 69, 71, 73, 74], [73, 71, 69, 69, 71, 73, 73, 71, 69, 71, 69], [73, 71, 73, 69, 66, 68, 69, 71], [73, 69, 69, 69, 71, 73, 73, 71, 69, 71, 69]]
[[67, 67, 67, 74, 72, 70, 74, 72, 70, 69], [74, 74, 76, 77, 76, 74, 73, 74], [74, 72, 69, 70, 72, 74, 72, 70, 69, 70], [77, 79, 77, 74, 72, 70, 69, 67, 66, 67]]
[[63, 67, 70, 70, 70, 70, 72, 70], [70, 75, 70, 75, 77, 79, 77, 75, 74, 72, 70]]
[[69, 72, 69, 70, 69, 67, 67, 65], [69, 71, 72, 74, 72, 71, 69], [64, 65, 65, 67, 67, 69, 69, 65], [62, 64, 65, 67, 65, 64, 62]]
[[71, 71, 71, 72, 74, 72, 71, 69, 71, 69, 67], [71, 71, 71, 72, 74, 72, 71, 69, 71, 67], [71, 72, 71, 69, 67, 69, 71, 66, 64], [71, 72, 71, 69, 67, 69, 71, 66, 64], [71, 71, 69, 67, 66, 64, 66, 67, 67, 69, 69, 71]]
[[67, 69, 70, 71, 72, 74, 72, 71, 72], [72, 70, 69, 67, 69, 70, 72, 74, 72, 70, 72, 70], [72, 74, 72, 70, 69, 70, 72, 70, 69, 67], [67, 72, 71, 72, 74, 72, 70, 69, 67, 65], [65, 70, 72, 74, 72, 70, 69, 67, 69, 67]]
[[67, 67, 62, 67, 72, 71, 69, 67], [67, 69, 71, 72, 71, 69, 64, 66, 67], [67, 72, 71, 69, 74, 74, 73, 74], [74, 76, 72, 74, 72, 71, 69, 67], [71, 69, 62, 67, 72, 71, 69, 67]]
[[69, 68, 69, 71, 72, 74, 72, 71, 69], [69, 65, 67, 69, 67, 65, 64, 62, 64, 62], [62, 64, 65, 67, 62, 64, 65, 67, 69], [69, 74, 73, 74, 76, 74, 72, 71, 69], [71, 72, 69, 71, 72, 67, 65, 64, 62], [69, 67, 65, 64, 62]]
[[62, 62, 60, 65, 67, 69, 68, 69], [71, 72, 71, 72, 69, 71, 74, 73, 74], [74, 72, 69, 65, 62, 64, 62, 61], [64, 67, 65, 64, 65, 62, 64, 64, 62]]
[[62, 65, 65, 67, 67, 69, 69, 70, 69, 67, 65], [60, 65, 65, 67, 67, 69, 69, 67, 65, 64, 62], [69, 65, 67, 64], [69, 65, 67, 64], [64, 65, 65, 67, 67, 69, 69, 67, 65, 64, 62]]
[[67, 69, 67, 65, 67, 72, 74, 72], [72, 67, 71, 72, 74, 76, 76, 74], [74, 76, 74, 72, 69, 67, 71, 73, 74], [67, 72, 69, 65, 69, 67, 67]]
[[65, 65, 65, 70, 67, 69, 71, 72], [69, 70, 72, 74, 70, 72, 70], [72, 69, 70, 72, 74, 72, 72, 70, 69, 67], [72, 72, 72, 70, 69, 69, 67, 65]]
[[69, 69, 69, 66, 71, 69, 69, 68], [73, 73, 73, 78, 76, 76, 75, 76], [73, 73, 73, 74, 73, 71, 70, 71], [73, 73, 73, 71, 69, 69, 68, 69]]
[[64, 64, 66, 68, 69, 68], [68, 68, 69, 71, 72, 71], [72, 72, 71, 71, 69, 68], [69, 69, 67, 67, 65, 64], [76, 76, 74, 74, 72, 71], [69, 69, 67, 67, 65, 64]]
[[64, 69, 71, 72, 74, 71, 67], [67, 69, 69, 71, 71, 64], [64, 69, 71, 72, 74, 71, 67], [67, 69, 69, 71, 71, 64], [76, 74, 72, 72, 71, 72], [71, 72, 74, 76, 76, 74, 71], [71, 72, 71, 69, 69, 71, 69, 67], [65, 64, 69, 69, 68, 69]]
[[74, 70, 74, 75, 74, 72, 70, 72, 72], [74, 74, 74, 67, 69, 70, 70, 69], [65, 72, 72, 72, 74, 75, 75, 74], [77, 77, 77, 75, 74, 74, 72, 70]]
[[76, 72, 71, 69], [76, 77, 76, 74, 72, 74, 76, 76], [72, 74, 67, 67], [74, 76, 72, 72], [76, 77, 76, 74, 72, 71, 69, 68, 76, 74, 72, 71, 69]]
[[74, 74, 74, 73, 71, 69], [71, 67, 66, 64, 64, 62], [69, 69, 66, 71, 73, 74], [62, 64, 64, 66, 66], [66, 66, 67, 69, 66], [71, 70, 71, 73, 70], [74, 73, 71, 70, 66, 71, 73, 74, 70, 71, 71]]
[[62, 69, 66, 64, 62, 69, 71, 73, 74, 71, 69], [69, 71, 73, 74, 73, 71, 74, 73, 71, 69], [66, 71, 69, 67, 66, 64, 62], [69, 66], [69, 66], [66, 66, 64, 64, 66, 66, 64, 66, 67, 66, 64, 62], [74, 73, 71, 69, 67, 66, 64, 62]]
[[67, 67, 67, 70, 67, 70, 71, 72], [74, 75, 74, 72, 74, 75, 74, 72, 72, 71], [67, 72, 74, 75, 74, 72, 71, 72], [67, 67, 69, 70, 68, 67, 65, 63], [63, 70, 70, 72, 74, 75, 74, 75], [75, 77, 75, 74, 72, 72, 71, 72]]
[[69, 67, 69, 71, 72, 74, 69], [69, 65, 67, 69, 67, 65, 64, 62, 64, 62], [65, 67, 67, 62, 60, 65, 67, 69], [69, 67, 65, 67, 69, 67, 65, 64, 62, 64], [62, 62, 62, 62], [69, 69, 67, 69, 70, 72, 74, 69], [69, 69, 67, 65, 67, 69, 67, 65, 64, 62, 64, 62], [65, 67, 67, 62, 60, 65, 67, 69], [69, 69, 67, 65, 67, 69, 65, 64, 62, 64], [62, 62, 62, 62], [69, 65, 72, 69], [72, 70, 69, 67, 65], [69, 67, 65, 64, 62], [65, 67, 67, 62, 60, 65, 67, 69], [69, 67, 65, 67, 69, 65, 64, 62, 64], [62, 62, 62, 62]]
[[76, 76, 76, 76, 74, 72, 71], [69, 68, 69, 71, 72, 74, 72, 71], [69, 71, 72, 71, 69, 69, 67, 65, 64], [62, 61, 62, 64, 65, 67, 65, 64], [69, 69, 69, 67, 65, 64, 62], [67, 69, 71, 72, 74, 76, 74, 72, 71], [69, 71, 72, 71, 69, 69, 67, 65, 64], [62, 61, 62, 64, 65, 67, 69, 67, 65, 64]]
[[67, 69, 67, 65, 62, 65, 67], [69, 70, 74, 72, 70, 69, 67], [72, 72, 72, 74, 72, 70, 69, 67, 65], [65, 70, 69, 70, 72, 74, 72, 70, 69, 67, 66], [69, 70, 74, 72, 70, 69, 67]]
[[72, 67, 69, 71, 72], [72, 67, 72, 70, 69, 67], [67, 69, 70, 72, 70, 69, 67], [67, 72, 72, 71, 72], [72, 72, 74, 74, 72, 70, 69], [67, 69, 70, 69, 67], [70, 72, 74, 75, 74, 72, 74], [74, 72, 74, 72, 70, 67, 69, 71, 72]]
[[63, 63, 65, 67, 65, 63, 67, 69, 70], [70, 68, 67, 65, 63, 65, 67, 69, 70], [72, 70, 68, 67, 68, 65, 63], [75, 75, 75, 74, 70, 72, 72, 67], [75, 75, 75, 74, 70, 72, 72, 70], [67, 68, 70, 72, 70, 67, 68, 67], [65, 67, 68, 70, 70, 68, 67, 65], [70, 72, 74, 75, 74, 72, 72, 70], [63, 65, 67, 68, 67, 65, 63]]
[[69, 69, 69, 69, 71, 69], [67, 66, 64, 64, 62], [69, 69, 69, 69, 71, 67], [71, 71, 72, 71, 69], [69, 69, 69, 69, 74, 69], [69, 71, 71, 69, 69, 67], [69, 69, 69, 69, 69, 66], [67, 66, 64, 62, 62], [69, 71, 72, 69, 68, 69], [74, 76, 69, 71, 73, 69, 68, 69, 69, 67, 66, 67, 64, 62]]
[[67, 67, 67, 67, 63, 62, 62, 69], [70, 69, 67, 65, 64, 62], [62, 67, 67, 66, 66, 67, 67, 69], [69, 69, 69, 70, 70, 69], [74, 72, 70, 69, 67, 69, 71, 72], [69, 70, 69, 67, 66, 67]]
[[62, 67, 69, 70, 69, 67, 69, 66, 62], [65, 65, 63, 62, 67, 67, 66, 67], [69, 70, 72, 74, 74, 72, 72, 70], [74, 72, 70, 69, 67, 69, 70, 69, 67]]
[[64, 67, 69, 72, 69, 69], [72, 72, 71, 69, 69, 67], [72, 72, 72, 71, 69, 71, 69, 69], [69, 69, 67, 69, 71, 72, 69, 67], [64, 67, 69, 71, 71, 69]]
[[70, 74, 72, 70], [74, 72, 70, 70, 69, 70], [74, 77, 75, 74], [74, 72, 70, 69, 67, 69, 67, 66, 62], [69, 72, 70, 69, 70, 70, 69, 67, 67, 69], [69, 70, 72, 74], [74, 76, 77, 76, 74, 73, 74, 74, 73, 74], [66, 67, 69, 70], [67, 69, 70, 69, 67, 66, 67, 67, 66, 67]]
[[62, 62, 62, 69, 69, 70, 70, 69], [65, 67, 69, 70, 69, 67, 65, 65], [67, 69, 67, 67, 69, 65, 65, 64], [62, 64, 65, 67, 65, 64, 62, 62]]
[[64, 64, 64, 71, 71, 69, 71, 67, 69, 71, 69, 69, 71], [67, 66, 67, 69, 71, 69, 67, 67, 66, 67], [69, 71, 71, 69, 69, 67, 67, 66], [64, 66, 63, 64], [64, 69, 69, 71, 71, 67, 67, 66], [64, 66, 67, 69, 71, 71, 69, 71]]
[[65, 70, 74, 72, 74, 70, 79, 75, 77, 70, 75, 72, 70], [72, 75, 74, 72, 74, 72, 74, 70, 69, 70, 70, 72, 72], [69, 70, 72, 74, 67, 79, 75, 72, 71, 72, 74, 74, 75, 75], [72, 69, 70, 69, 67, 65, 77, 70, 79, 79, 77, 75, 74, 72, 70, 70]]
[[62, 62, 64, 65, 64], [69, 71, 72, 74, 72, 71, 69], [72, 71, 69, 67, 67, 69, 67, 65, 65, 64, 65], [64, 64, 65, 67, 64], [69, 71, 72, 74, 72, 71, 69], [66, 67, 67, 67, 66, 67], [64, 65, 67, 64, 62]]
[[72, 71, 69, 69, 69, 71, 72, 71, 69, 67], [71, 72, 71, 72, 69, 71, 67, 69, 71], [71, 71, 71, 69, 71, 72], [67, 67, 69, 71, 72, 69, 71], [71, 72, 74, 74, 72, 69, 71], [74, 74, 74, 74, 76, 74, 72, 71], [71, 67, 69, 71, 72, 74, 72, 71, 69, 71, 72]]
[[63, 63, 70, 70, 72, 74, 75], [74, 75, 77, 70, 75, 74, 72, 70], [75, 75, 70, 70, 68, 68, 67], [70, 70, 68, 67, 65, 63], [65, 65, 67, 69, 70, 70, 69, 70], [72, 74, 75], [70, 70, 68, 67, 65, 63]]
[[69, 74, 72, 70, 69, 70, 69, 67, 69, 70, 67, 65], [69, 70, 72, 71, 73, 74, 72, 74, 76, 74, 72, 71, 69], [69, 67, 64, 65, 64], [62, 64, 65, 67, 69, 71, 73, 74, 74, 73, 74]]
[[67, 67, 69, 71, 72, 72, 71, 69], [71, 72, 74, 69, 67, 65, 64], [67, 67, 69, 71, 72, 72, 71, 69], [71, 72, 74, 69, 67, 65, 64], [62, 64, 65, 67, 65, 64, 62, 60], [60, 67, 67, 69, 71, 72, 72, 71, 69], [71, 72, 74, 69, 67, 65, 64], [69, 67, 64, 65, 67, 65, 64], [69, 67, 64, 65, 67, 64], [69, 67, 69, 71, 72, 71, 69, 67, 65, 64], [62, 69, 67, 65, 64], [69, 67, 69, 71, 72, 71, 69, 67], [72, 71, 74, 69, 67, 65, 64], [62, 69, 67, 65, 64]]
[[67, 67, 67, 66, 67, 69, 70, 69, 67], [70, 72, 72, 74, 70, 72, 74], [74, 74, 72, 74, 72, 70, 72, 70, 69, 67], [67, 69, 70, 70, 72, 70, 69, 67, 67], [72, 74, 72, 67, 69, 70, 69, 67, 69, 67], [67, 67, 65, 70, 72, 74, 72, 70, 72, 72, 74], [75, 74, 72, 72, 70, 70], [74, 74, 70, 72, 74, 75, 74], [77, 74, 75, 74, 72, 74, 74, 75, 74, 77, 75, 74, 72, 70], [74, 74, 70, 72, 70, 69, 67], [65, 67, 69, 70, 67, 67], [65, 67, 69, 70, 69, 67, 67, 66, 67]]
[[69, 71, 73, 75], [75, 76, 71, 71, 74, 73], [71, 73, 75, 76, 76, 75, 76], [69, 71, 73, 75], [75, 76, 71, 71, 74, 73], [71, 73, 75, 76, 76, 75, 76], [71, 71, 71, 73, 71, 74, 73, 73, 71], [71, 71, 71, 73, 71, 74, 73, 73, 71], [76, 73, 71, 69], [76, 73, 71, 69]]
[[72, 72, 72, 69, 71, 72, 74, 72, 71, 69], [69, 71, 72, 74, 72, 71, 69, 67], [76, 76, 76, 72, 74, 76, 77, 76, 74], [72, 74, 76, 74, 72, 72, 71, 72]]
[[67, 67, 66, 67, 69, 70, 69, 67], [70, 69, 67, 70, 69, 67, 66], [65, 63, 62, 67, 67, 66, 67], [70, 72, 74, 74, 72, 70, 72, 70], [70, 72, 74, 74, 72, 70, 72, 70], [70, 69, 67, 70, 69, 67, 66], [65, 63, 62, 67, 67, 66, 67]]
[[74, 69, 72, 74, 76, 77, 76, 74, 72, 70, 69], [77, 74, 72, 69, 70, 72, 72, 69, 70, 67, 65], [69, 67, 65, 64, 62], [69, 72, 74, 69, 72, 69, 67, 65, 64, 62]]
[[62, 64, 65, 67, 69, 74, 74, 76, 73, 74, 74], [77, 76, 74, 72, 74, 72, 70, 69], [69, 69, 70, 72, 65, 70, 69, 67, 67], [67, 69, 70, 72, 70, 69, 70, 67], [69, 69, 70, 72, 69, 70, 69, 67], [65, 65, 65, 64, 65, 67, 65, 67, 69, 69], [69, 67, 69, 67, 69, 71, 72], [74, 76, 77, 76, 74, 74, 76, 73, 74]]
[[69, 72, 71, 69, 69, 67, 65, 64], [64, 66, 68, 69, 72, 71, 69], [71, 71, 71, 71, 67, 69, 71, 72], [71, 71, 71, 72, 71, 69, 69, 68], [68, 69, 71, 72, 74, 71, 69]]
[[67, 67, 69, 71, 67], [69, 69, 71, 72, 71, 72], [71, 71, 73, 74, 69], [71, 73, 74, 74, 73, 74], [69, 69, 71, 72, 74, 76, 74, 72, 71, 69], [76, 74, 72, 74, 72, 71, 72, 72, 71, 69, 67]]
[[67, 64, 66, 67, 67, 64, 62, 60], [60, 67, 67, 69, 71, 72, 71, 69, 69, 67], [67, 69, 71, 72], [67, 69, 67, 65, 65, 64], [72, 69, 71, 72], [69, 67, 65, 64], [67, 64, 66, 67], [72, 71, 69, 67], [67, 64, 65, 67, 69, 67, 65, 64, 62, 62, 60]]
[[65, 69, 72, 72, 69, 65, 67, 69], [65, 72, 72, 74, 76, 77, 76, 74, 72], [72, 69, 72, 74, 72, 70, 69, 67], [72, 69, 70, 72, 70, 69, 67, 65, 67, 65]]
[[74, 67, 69, 70, 72, 70, 69, 69, 67], [72, 72, 72, 74, 72, 74, 76, 77], [74, 72, 70, 69, 67, 69, 67], [69, 70, 72, 74, 75, 74, 72, 70], [74, 77, 75, 74, 67, 69, 70, 69, 67]]
[[67, 67, 69, 70, 69, 67, 65, 70, 69, 70], [70, 69, 67, 72, 70, 69, 67], [74, 70, 72, 74, 72, 70, 70, 69], [70, 70, 69, 70, 69, 67, 67, 66], [70, 69, 67, 72, 70, 69, 67]]
[[67, 62, 67, 67, 69], [69, 70, 72, 74, 73, 74], [70, 70, 72, 72, 74, 70], [74, 72, 72, 72, 69, 74, 72, 70, 69, 67, 69], [70, 69, 67, 66, 67, 69], [74, 70, 70, 70, 74, 72, 70, 69, 67, 69, 67], [67, 62, 67, 67, 69], [69, 70, 72, 74, 73, 74]]
[[69, 72, 71, 72, 74, 76, 76, 74, 72, 71, 71], [71, 76, 74, 74, 72, 71, 72, 74, 72, 71, 71, 69]]
[[67, 67, 67, 65, 63, 62, 65, 67, 69, 67, 67, 66, 67], [70, 69, 67, 65, 62, 65, 67, 69, 67, 67, 66, 67], [74, 74, 74, 67, 72, 72, 70, 69, 67, 65, 62], [67, 67, 66, 67, 66, 67, 66, 67, 69, 70, 69], [70, 69, 67, 65, 62, 63, 65, 65, 67, 65, 63, 62], [74, 72, 70, 69, 66, 67, 69, 70, 72, 70, 69, 67]]
[[67, 67, 70, 69, 67, 70, 72, 74], [74, 74, 74, 75, 77, 75, 74, 72, 72, 70], [70, 70, 74, 72, 69, 70, 72, 74], [74, 74, 74, 72, 72, 70, 69, 67, 65], [65, 70, 72, 74, 72, 74, 70, 69, 67]]
[[67, 69, 71, 72, 71], [69, 69, 68, 69, 71, 69], [72, 72, 72, 71, 69, 74], [71, 72, 69, 71, 69, 67], [74, 74, 74, 72, 69], [72, 72, 71, 72, 71, 69, 69], [74, 72, 71, 69, 67]]
[[62, 65, 67, 69], [74, 72, 71, 69, 71, 72, 71, 69], [74, 74, 74, 73], [76, 74, 69, 70, 69, 67, 67, 65], [65, 64, 64, 62], [69, 72, 72, 67, 69, 70, 69], [69, 72, 74, 69], [72, 69, 67, 65, 64, 62, 62]]
[[73, 74, 76, 76, 74, 73, 71, 71], [73, 74, 76, 73, 71, 71, 69], [71, 73, 74, 74, 73, 73, 71, 71], [74, 76, 78, 78, 76, 76, 74, 74], [73, 74, 76, 76, 74, 73, 71], [73, 74, 76, 74, 73, 71, 71, 69]]
[[65, 69, 71, 72], [72, 70, 72, 74, 72, 74, 76, 77, 76, 77], [69, 70, 72, 70, 69, 67, 69, 70, 69, 67, 65, 67, 69, 67, 69, 71, 72], [76, 77, 74, 77, 76, 74, 73, 69], [74, 69, 70, 69, 67, 65, 64, 65, 62], [66, 66, 67, 66, 67, 69, 70, 72, 70, 69, 70, 67], [72, 72, 72, 74, 76, 77, 76, 74, 76, 72], [77, 72, 69, 70, 72, 70, 72, 69, 67], [72, 69, 65, 74, 76, 77, 69, 67, 65, 65]]
[[72, 69, 67, 65], [72, 74, 72], [77, 77, 76, 76, 74, 72, 72], [72, 74, 72, 70, 69], [67, 69, 71, 72, 72, 71, 72], [72, 74, 70, 70, 69, 70, 69, 67, 65], [69, 67, 65], [72, 72, 71, 72], [77, 77, 76, 74, 72], [72, 74, 72, 70, 70, 69, 70, 69, 67, 65]]
[[71, 71, 69, 71, 67, 66, 67, 69, 66, 64], [64, 66, 67, 69, 71, 69, 74, 73, 71], [71, 76, 78, 76, 71, 73, 71, 69], [69, 71, 73, 75, 76, 74, 73, 74, 76, 73, 71]]
[[74, 72, 70, 69, 70, 69, 67, 66, 62], [74, 74, 75, 72, 74, 72, 70, 69], [74, 72, 70, 69, 70, 69, 67, 66, 62], [74, 74, 75, 72, 74, 72, 70], [74, 75, 77, 74, 75, 74, 74, 72, 72], [72, 74, 75, 74, 72, 70, 69, 65], [74, 69, 70, 69, 70, 72, 74], [74, 74, 72, 70, 69, 67, 67]]
[[64, 64, 71, 71, 72, 74, 71, 67, 69, 71, 72, 71], [69, 69, 67, 69, 71, 69, 67, 66, 64, 62], [67, 66, 67, 69, 71, 69, 67, 66, 64], [66, 64, 66, 67, 66, 64]]
[[67, 67, 69, 71, 72, 72], [76, 74, 72, 71, 69, 67], [67, 67, 69, 71, 72, 67, 67], [69, 67, 65, 64, 62, 62, 60], [72, 74, 72, 71, 69, 67], [67, 67, 69, 71, 72, 67, 67], [69, 67, 65, 64, 62, 60]]
[[76, 69, 71, 72, 72, 74, 74, 76], [76, 74, 76, 72, 72, 71], [76, 72, 71, 72, 69, 68, 69, 71], [76, 74, 72, 71, 71, 69]]
[[69, 62, 64, 65, 67, 69, 71, 72, 71, 69, 69, 68, 69], [69, 67, 67, 72, 69, 70, 69, 67, 65, 67, 65, 65], [69, 62, 64, 65, 67, 69, 71, 72, 71, 69, 69], [69, 67, 67, 72, 69, 70, 69, 67, 65, 64, 62, 62], [69, 67, 69, 65, 67, 64, 62, 62], [69, 69, 71, 72, 72, 71, 69], [69, 67, 67, 72, 69, 70, 69, 67, 65, 67, 65, 65], [69, 62, 64, 65, 67, 69, 62], [64, 65, 64, 65, 67, 69, 71, 72, 71, 69, 74, 72, 70, 69, 67, 65, 64, 62, 62]]
[[71, 71, 69, 67, 66], [67, 69, 67, 66, 66, 64], [66, 67, 69, 71, 69], [72, 72, 71, 69, 69, 67], [69, 69, 69, 69, 66, 67, 69, 71, 69], [66, 67, 69, 71, 71, 69, 67, 66, 66, 64]]
[[67, 69, 70, 72, 74, 72, 70, 69, 67], [74, 75, 77, 70, 72, 74, 72, 72, 70], [69, 67, 69, 70, 72, 70, 69, 67, 65], [70, 69, 70, 72, 74, 74, 72, 74], [69, 74, 67, 69, 70, 69, 69, 67]]
[[67, 72, 71, 72, 74, 75, 74, 74], [75, 72, 77, 75, 74, 74, 75, 72, 72], [67, 67, 72, 70, 68, 67, 65, 65], [70, 67, 72, 74, 75, 67, 65, 63, 63, 63], [67, 69, 71, 71], [72, 74, 71, 71, 72, 74, 75, 72, 77, 75, 74, 74], [72, 67, 68, 67, 67, 65, 67], [72, 67, 68, 67, 65, 63, 62, 63, 62, 60, 60]]
[[67, 70, 67, 65, 67, 69, 70, 69, 67], [70, 70, 70, 70, 65, 67, 70, 69], [69, 72, 72, 72, 70, 69, 67, 69, 70, 69, 67], [69, 70, 67, 65, 67, 69, 70, 69, 67]]
[[67, 67, 67, 62, 67, 69, 71], [67, 69, 71, 73, 74, 78, 76, 74], [76, 74, 72, 76, 74, 72, 71, 69], [69, 68, 69, 71, 72, 72, 71], [67, 69, 71, 72, 72, 71, 72], [74, 72, 71, 69, 67, 69, 71, 69, 67]]
[[67, 67, 69, 71, 69, 71, 72, 71, 69, 67], [71, 72, 71, 69, 67, 66, 67, 67, 66, 67, 69], [74, 72, 71, 69, 67, 66, 64, 66, 67, 64, 62], [71, 72, 71, 69, 67, 69, 71, 69, 67]]
[[74, 74, 74, 74, 76, 77, 76, 74, 72], [74, 71, 69, 67, 69, 71, 73, 74, 76, 74], [74, 79, 78, 76, 78, 79, 78, 76, 74], [74, 79, 74, 76, 71, 72, 74, 72, 71], [71, 69, 71, 72, 71, 69, 64, 66, 67]]
[[67, 69, 71, 72, 74, 72, 71, 69, 71], [71, 71, 69, 71, 72, 71, 69, 67, 64, 66, 67], [67, 69, 71, 72, 71, 69, 71, 71, 69], [69, 71, 72, 74, 72, 71, 69, 71], [67, 69, 71, 72, 71, 69, 67, 64, 66, 67]]
[[74, 74, 74, 69, 71, 73, 74, 73, 71, 69], [74, 73, 71, 69, 71, 69, 67, 66, 64, 62], [62, 69, 71, 69, 68, 69], [62, 69, 71, 73, 74], [73, 74, 73, 71, 71, 69], [71, 71, 69, 71, 69, 67, 66], [74, 73, 71, 69, 71, 69, 67, 66, 64, 62]]
[[67, 69, 69, 70, 72, 70, 67, 74, 74, 72, 70, 69, 67, 66], [69, 70, 72, 74, 75, 74, 70, 77, 77, 76, 74, 72, 70, 69], [74, 73, 74, 76, 77, 79, 77, 76, 76, 74], [74, 70, 69, 71, 74, 79, 75, 72, 74, 77, 75, 74, 75], [69, 74, 67, 72, 74, 75, 74, 72, 70, 69, 67, 67]]
[[74, 74, 70, 72, 74, 75, 74, 72, 72], [72, 72, 70, 70, 67, 69, 70], [72, 72, 72, 72, 74, 75, 74, 72, 70, 70], [70, 69, 65, 70, 75, 74, 72, 72, 70], [69, 69, 69, 69, 69, 70, 70], [70, 69, 69, 69, 69, 70, 70], [74, 74, 72, 70, 72, 74, 75, 74]]
[[72, 74, 76, 74, 72, 71, 69, 67], [72, 74, 76, 74, 76, 77, 76, 74, 72, 72], [76, 77, 79, 77, 76, 74, 76], [79, 79, 81, 79, 77, 76, 74], [76, 79, 77, 76, 74, 72, 74, 76, 72], [76, 79, 77, 76, 74, 72, 74, 72]]
[[69, 66, 62, 69, 69, 71], [71, 64, 64, 69, 67, 66, 62], [69, 71, 71, 69, 67, 66], [64, 66, 68, 69, 71, 68, 69], [69, 69, 69, 74, 72, 71], [71, 71, 71, 76, 74, 73], [69, 71, 69, 71, 73, 74], [69, 69, 67, 66, 64, 64, 62]]
[[70, 72, 74, 72, 70, 69, 67, 65], [70, 72, 74, 75, 74, 72, 70], [74, 75, 77, 75, 74, 72, 74], [77, 77, 79, 77, 75, 74, 72], [74, 75, 77, 75, 74, 70, 72, 74, 70], [74, 77, 75, 74, 72, 74, 72, 70]]
[[70, 70, 69, 67, 69, 70, 72, 70], [70, 70, 72, 69, 67, 65, 70, 69], [69, 70, 70, 72, 74, 72, 72], [74, 75, 74, 72, 74, 72, 70, 70, 72, 72, 70, 70]]
[[67, 67, 62, 67, 69, 71], [74, 76, 74, 72, 74, 71], [74, 72, 71, 69, 67, 69], [71, 67, 72, 71, 69, 67], [71, 72, 74, 74, 72, 71, 69], [71, 67, 67, 69, 71, 72, 71], [74, 72, 69, 71, 72, 74], [67, 69, 71, 72, 71, 69, 67]]
[[66, 66, 66, 65, 66, 68, 69, 68, 66], [69, 71, 71, 73, 71, 69, 71, 73], [73, 73, 71, 73, 71, 69, 71, 69, 68, 66], [66, 68, 69, 69, 71, 69, 68, 66, 66], [71, 73, 71, 66, 68, 69, 68, 66, 68, 66], [66, 66, 64, 69, 71, 73, 71, 69, 71, 71, 73], [74, 73, 71, 73, 74, 71, 69, 69], [73, 73, 71, 69, 71, 73, 74, 73], [76, 73, 74, 73, 71, 73, 73, 74, 73, 74, 76, 74, 73, 71, 69], [73, 73, 69, 71, 69, 68, 66], [64, 66, 68, 69, 66, 66], [64, 66, 68, 69, 68, 66, 65, 66]]
[[70, 70, 72, 74, 72, 70, 72, 72, 74], [70, 72, 74, 75, 77, 75, 74, 72, 70], [74, 74, 72, 70, 69, 70, 72, 74, 72], [72, 70, 69, 70, 65, 70, 72, 74], [70, 72, 74, 75, 77, 75, 74, 72, 70]]
[[71, 70, 71, 73, 74, 76, 74, 73, 71], [71, 67, 69, 71, 69, 67, 66, 64], [64, 67, 69, 64, 67, 69, 71], [71, 76, 75, 76, 78, 74, 73, 71], [71, 72, 74, 71, 74, 69, 67, 66, 64], [71, 69, 67, 66, 64]]
[[69, 70, 69, 67, 74, 74, 72, 70, 69], [72, 70, 69, 67, 72, 70, 69, 67], [67, 69, 65, 64, 62, 64, 65, 67, 69], [65, 67, 69, 70, 69, 70, 67, 66, 67], [67, 74, 70, 72, 74, 72, 70, 69, 69]]
[[71, 71, 69, 67, 66, 64], [71, 73, 74, 71, 76, 75], [76, 78, 79, 78, 78, 76], [71, 71, 72, 71, 69, 69, 67], [71, 73, 74, 71, 76, 74, 73, 73, 71], [71, 71, 69, 67, 66, 66, 64]]
[[74, 74, 75, 77, 75, 74, 72, 72, 72], [74, 75, 74, 72, 70, 70], [69, 67, 69, 70, 72, 70, 69, 67, 67, 67], [69, 70, 69, 67, 65, 65], [74, 74, 75, 77, 75, 74, 72, 72, 72], [74, 75, 74, 72, 70, 70], [75, 74, 75, 77, 74, 72, 74, 75, 72, 70, 70]]
[[66, 69, 71, 69, 74, 74, 73, 74], [74, 73, 71, 76, 74, 73, 74, 73, 71], [71, 71, 71, 73, 71, 73, 69, 69, 68, 69], [69, 71, 73, 74, 73, 71, 73], [66, 68, 69, 71, 69, 74, 74, 73, 74], [74, 73, 71, 76, 74, 73, 74, 73, 71]]
[[67, 67, 66, 67, 69, 70, 69, 67], [67, 69, 69, 74, 72, 70, 69], [74, 72, 70, 69, 72, 70, 69, 67], [70, 69, 67, 65, 64, 62, 64, 65, 67, 69], [67, 69, 70, 72, 74, 72, 70, 72, 70, 69, 67]]
[[69, 69, 65, 67, 69, 65, 64, 62], [69, 69, 67, 72, 69, 65, 67, 69], [69, 72, 74, 77, 76, 74, 73, 74], [74, 76, 74, 72, 71, 69, 71, 69], [74, 72, 71, 72, 70, 69, 69, 67, 65], [69, 70, 69, 69, 67, 65, 64, 62]]
[[72, 72, 71, 69, 67, 72, 74, 76], [76, 76, 74, 76, 76, 74, 72, 74, 74, 72], [72, 72, 74, 76, 74, 76, 72, 71, 69], [69, 74, 72, 71, 72, 71, 69, 67], [67, 72, 72, 74, 74, 76, 74, 76, 72], [72, 77, 77, 76, 74, 76, 74], [74, 76, 76, 77, 77, 79, 77, 76, 77, 79, 72], [76, 74, 72, 71, 72, 71, 69, 67], [67, 72, 71, 69, 67, 74, 76, 74], [76, 77, 76, 74, 72, 74, 76, 74, 72]]
[[74, 74, 69, 70, 72, 70, 69, 69, 67], [70, 70, 69, 67, 66, 67, 69], [69, 70, 72, 69, 70, 69, 67, 67, 65], [70, 72, 74, 70, 75, 74, 72, 70], [69, 70, 72, 74, 72, 70, 69], [67, 69, 70, 72, 70, 69, 67, 67]]
[]
[[71, 67, 69, 71, 72, 71, 69, 67, 66, 67, 69, 67, 66, 64], [72, 71, 76, 74, 66, 72, 71, 69, 69, 67], [71, 69, 71, 67, 69, 71, 72, 74, 72, 71, 72, 71, 69], [72, 66, 76, 75, 76, 74, 72, 71, 69, 79, 78, 76, 75, 73, 71], [76, 72, 71, 69, 71, 63, 64, 69, 67, 66, 64, 64]]
[[74, 74, 74, 69, 71, 73, 74, 73, 71, 69], [74, 73, 71, 69, 71, 69, 67, 66, 64, 62], [62, 69, 71, 69, 68, 69], [62, 69, 71, 73, 74], [73, 74, 73, 71, 69], [71, 71, 69, 71, 69, 67, 66], [74, 73, 71, 69, 71, 69, 67, 66, 64, 62]]
[[65, 67, 69, 70, 72, 72, 74, 76, 77], [65, 67, 69, 70, 72, 72, 70, 69, 67], [69, 65, 65, 70, 69, 67, 65], [72, 67, 69, 70, 70, 69, 67, 67], [72, 74, 76, 77, 69, 67, 67, 65]]
[[73, 69, 71, 73, 74, 76, 74, 73], [73, 74, 76, 76, 71, 73, 69, 68], [64, 69, 71, 73, 74, 76, 74, 73, 71], [73, 69, 71, 73, 74, 76, 74, 73], [73, 74, 76, 76, 71, 73, 69, 68], [64, 69, 71, 73, 74, 73, 71, 69]]
[[67, 74, 74, 74, 74, 76, 74, 72, 71], [69, 71, 73, 74, 74, 73, 74], [74, 74, 74, 74, 72, 71, 72, 74, 72, 71, 69], [74, 72, 71, 69, 69, 67, 69, 71, 72, 74], [74, 72, 71, 69, 69, 67]]
[[72, 71, 69, 67, 65, 64, 69, 69, 67], [72, 71, 69, 67, 65, 64, 69, 69, 67], [67, 69, 71, 72, 74, 76, 74, 72], [72, 72, 74, 72, 69, 71, 72, 74, 71], [71, 72, 74, 72, 71, 69, 71, 72, 74, 71], [76, 77, 76, 74, 76, 74, 72, 72, 71, 72], [71, 72, 71, 69, 71, 67, 67, 69, 66, 67], [76, 74, 72, 71], [76, 77, 76, 74, 76, 74, 72, 71, 69, 74, 71, 72], [72, 72, 72, 74, 72, 72, 71, 72]]
[[64, 71, 68, 64, 71, 73, 73, 71], [71, 73, 75, 76, 75, 73, 73, 71], [68, 73, 71, 69, 68, 66, 64], [71, 68], [71, 68], [69, 68, 66, 68, 69, 68, 66, 68, 69, 68, 66, 64], [76, 75, 73, 71, 69, 68, 66, 64]]
[[70, 69, 67, 65], [65, 67, 69, 70], [72, 70, 69, 67, 69, 70, 67, 65], [70, 69, 70, 72], [72, 74, 72, 70, 72], [65, 67, 69, 70, 72, 74, 72, 70, 72, 70, 70]]
[[69, 67, 66, 71, 71, 73, 73, 74, 74], [71, 69, 67, 69, 67, 66, 64, 66, 62], [69, 67, 66, 71, 71, 73, 73, 74, 74], [71, 69, 67, 69, 67, 66, 64, 66, 62]]
[[67, 67, 69, 70, 72, 74], [74, 74, 72, 70, 72, 69], [69, 70, 72, 74, 74, 72, 74], [74, 70, 72, 74, 74, 72, 70], [74, 77, 74, 74, 74, 72, 72], [72, 74, 72, 70, 72, 70, 69, 67]]
[[72, 74, 76, 74, 72, 71, 69, 67], [72, 74, 76, 74, 76, 77, 76, 74, 72, 72], [76, 77, 79, 77, 76, 74, 76], [79, 79, 81, 79, 77, 76, 74], [76, 79, 77, 76, 74, 72, 74, 76, 72], [76, 79, 77, 76, 74, 72, 74, 72]]
[[71, 71, 69, 67, 66, 64], [71, 73, 74, 71, 76, 75], [76, 78, 79, 78, 78, 76], [71, 71, 72, 71, 69, 69, 67], [71, 73, 74, 71, 76, 74, 73, 71], [71, 71, 69, 67, 66, 64]]
[[77, 77, 77, 76, 72, 74, 76, 77], [77, 76, 74, 72, 70, 69, 67, 69], [69, 67, 69, 71, 72, 74, 72, 71, 72], [72, 74, 76, 77, 76, 74, 74, 72], [72, 70, 69, 74, 72, 70, 69, 67], [67, 69, 71, 72, 74, 72, 71, 72]]
[[72, 72, 71, 69, 71, 72, 74, 76, 74, 74, 72], [72, 71, 69, 71, 72, 74, 71, 69], [74, 76, 76, 71, 72, 74, 72, 72, 71], [72, 74, 69, 71, 72, 71, 69, 69, 67], [72, 71, 69, 71, 72, 74, 72, 71, 69]]
[[66, 71, 69, 67, 66, 64, 66], [73, 74, 74, 73, 71, 73, 71], [74, 73, 71, 69, 71, 73, 74, 74], [69, 71, 69, 67, 66, 67, 66], [74, 73, 74, 76, 74, 73, 71, 73], [66, 67, 66, 64, 69, 66]]
[[69, 64, 69, 71, 72, 74, 71, 69], [72, 71, 69, 71, 72, 74, 76], [76, 77, 79, 72, 77, 76, 74, 72], [74, 74, 76, 69, 74, 72, 71, 69]]
[[69, 69, 69, 71, 69, 74, 76, 74], [73, 74, 76, 78, 76, 74, 73, 71, 69], [69, 74, 73, 74, 76, 71, 69, 68, 66, 64], [64, 71, 71, 71, 73, 74, 73, 71, 69, 71, 73, 71], [69, 69, 69, 69]]
[[74, 70, 72, 74, 75, 77, 75, 74], [74, 75, 77, 77, 72, 74, 72, 70, 69], [65, 70, 72, 74, 75, 77, 75, 74, 72], [74, 70, 72, 74, 75, 77, 75, 74], [74, 75, 77, 77, 72, 74, 70, 69], [65, 70, 72, 74, 72, 74, 75, 74, 72, 70]]
[[71, 71, 71, 71, 73, 74, 73, 71, 69], [71, 69, 68, 66, 64, 66, 68, 70, 71, 73, 71], [71, 76, 75, 73, 75, 76, 75, 73, 71], [71, 76, 71, 73, 68, 69, 71, 69, 68], [68, 66, 68, 69, 68, 66, 61, 63, 64]]
[[69, 66, 64, 62, 69, 69, 71], [71, 64, 64, 69, 67, 66, 64, 62], [69, 71, 71, 69, 67, 66], [64, 66, 68, 69, 71, 73, 74, 73, 71, 69, 69], [69, 69, 69, 74, 72, 71], [71, 71, 71, 76, 74, 73], [69, 71, 69, 71, 73, 74], [69, 69, 67, 66, 64, 66, 67, 64, 62]]
[[69, 69, 65, 67, 69, 65, 64, 62], [69, 69, 67, 72, 69, 65, 67, 69], [69, 72, 74, 76, 77, 76, 74, 73, 74], [74, 76, 74, 72, 71, 69, 71, 69], [74, 72, 71, 72, 69, 69, 67, 65], [69, 70, 69, 67, 65, 67, 65, 64, 62]]
[[62, 67, 69, 71, 72, 74, 72, 71], [76, 74, 72, 71, 72, 69, 67], [74, 76, 76, 69], [69, 74, 74, 67], [71, 69, 67, 66, 67, 64, 62], [74, 72, 71, 69, 71, 69, 67]]
[[71, 71, 70, 71, 73, 74, 73, 71], [71, 73, 73, 78, 76, 74, 73], [78, 76, 74, 73, 74, 76, 74, 73, 71], [74, 73, 71, 69, 68, 66, 68, 69, 71, 71, 73], [73, 74, 76, 78, 76, 74, 76, 73, 71]]
[[71, 71, 69, 71, 67, 66, 67, 69, 66, 64], [64, 66, 67, 69, 71, 69, 74, 73, 71], [71, 76, 78, 76, 71, 73, 71, 69], [69, 71, 73, 75, 76, 74, 73, 74, 76, 73, 71]]
[[72, 72, 71, 69, 67, 72, 74, 76], [76, 76, 76, 76, 74, 72, 74, 74, 72, 72], [72, 72, 74, 76, 74, 76, 72, 71, 69, 71, 69], [69, 74, 72, 71, 72, 69, 67], [67, 72, 72, 74, 76, 77, 76, 74, 76, 72], [72, 77, 77, 76, 74, 76, 74], [74, 76, 76, 77, 77, 79, 77, 76, 74, 72], [76, 74, 72, 71, 72, 69, 67], [67, 72, 71, 69, 67, 74, 76, 74, 74], [76, 77, 76, 74, 72, 74, 74, 72, 72]]
[[74, 74, 69, 70, 72, 70, 69, 69, 67], [70, 70, 69, 67, 66, 67, 69], [74, 74, 69, 70, 72, 70, 69, 69, 67], [70, 70, 69, 67, 66, 67, 69], [69, 70, 72, 69, 70, 69, 67, 67, 65], [70, 72, 74, 74, 75, 74, 72, 72, 70], [74, 74, 72, 74, 70, 72, 74], [74, 74, 72, 70, 69, 69, 67]]
[[72, 74, 76, 74, 72, 71, 69, 67], [72, 74, 76, 77, 76, 74, 72], [76, 77, 79, 77, 76, 74, 76], [79, 79, 81, 79, 77, 76, 74], [76, 79, 77, 76, 72, 74, 76, 72], [76, 79, 77, 76, 74, 76, 74, 72]]
[[70, 70, 72, 72, 74, 74, 75, 77, 75], [77, 77, 75, 75, 74, 72, 74, 75, 72, 70], [70, 70, 72, 72, 70, 68, 67, 67], [70, 70, 68, 68, 67, 65, 67, 68, 65, 63], [70, 70, 72, 72, 74, 74, 75, 77, 75], [70, 70, 72, 73, 72, 70, 68, 67, 65, 67, 68, 65, 63]]
[[69, 69, 71, 72, 71, 76, 74, 72, 71], [72, 71, 69, 76, 74, 76, 69, 71, 73, 74], [72, 71, 76, 74, 72, 71], [69, 71, 72, 72, 74, 74, 76, 76, 72], [76, 74, 72, 71, 69, 71, 72, 71, 69]]
[[70, 70, 67, 69, 70, 72, 74, 72, 72, 70], [70, 69, 67, 69, 70, 72, 70, 69, 67], [72, 74, 74, 69, 70, 72, 70, 70, 69], [70, 72, 67, 69, 70, 69, 67, 67, 65], [70, 69, 67, 69, 70, 72, 70, 69, 67]]
[[67, 69, 67, 65, 62, 65, 67], [69, 70, 74, 72, 70, 69, 67], [72, 72, 72, 74, 72, 70, 69, 67, 65], [65, 70, 69, 70, 72, 74, 72, 70, 69, 67, 66], [69, 70, 74, 72, 70, 69, 67]]
[[65, 65, 67, 69, 67, 65, 64, 62], [69, 70, 67, 69, 67, 65], [65, 67, 69, 69, 70, 70, 72, 67], [72, 69, 69, 67, 65, 64, 62], [69, 70, 67, 69, 67, 65]]
[[67, 67, 69, 70, 72, 74], [74, 74, 72, 70, 72, 69], [69, 70, 72, 74, 74, 72, 74], [74, 70, 72, 74, 74, 72, 70], [74, 77, 74, 74, 74, 72, 72], [72, 74, 72, 70, 72, 69, 67]]
[[62, 69, 66, 64, 62, 69, 71, 73, 74, 71, 69], [69, 71, 73, 74, 73, 71, 74, 73, 71, 69], [66, 71, 69, 67, 66, 64, 62], [69, 66], [69, 66], [66, 66, 64, 64, 66, 66, 64, 66, 67, 66, 64, 62], [74, 73, 71, 69, 67, 66, 64, 62]]
[[63, 63, 65, 67, 65, 63, 67, 69, 70], [70, 68, 67, 65, 63, 65, 67, 69, 70], [72, 70, 68, 67, 68, 65, 63], [75, 75, 75, 74, 70, 72, 72, 67], [75, 75, 75, 74, 70, 72, 72, 70], [67, 68, 70, 72, 70, 67, 68, 67], [65, 67, 68, 70, 70, 68, 67, 65], [70, 72, 74, 75, 74, 72, 72, 70], [63, 65, 67, 68, 67, 65, 63]]
[[76, 76, 76, 76, 74, 72, 71], [69, 68, 69, 71, 72, 74, 72, 71], [69, 71, 72, 71, 69, 69, 67, 65, 64], [62, 61, 62, 64, 65, 67, 65, 64], [69, 69, 69, 67, 65, 64, 62], [67, 69, 71, 72, 74, 76, 74, 72, 71], [69, 71, 72, 71, 69, 69, 67, 65, 64], [62, 61, 62, 64, 65, 67, 69, 67, 65, 64]]
[[69, 69, 69, 66, 68, 69, 71, 69, 68, 66], [66, 68, 69, 71, 64, 66, 68, 69, 66, 64], [71, 73, 73, 69, 71, 73, 74, 73, 71], [69, 71, 73, 71, 69, 69, 68, 69]]
[[75, 77, 75, 73, 72, 73, 75, 73, 72, 73, 72], [70, 72, 73, 75, 73, 72, 70, 68, 70, 68], [68, 70, 72, 73, 72, 70, 72, 70, 68], [68, 70, 72, 73, 75, 77, 72, 74, 75], [72, 73, 75, 77, 75, 73, 72, 73, 72], [77, 77, 77, 70, 75, 73, 72, 70], [73, 72, 70, 68, 70, 68, 66, 65, 63], [63, 68, 70, 72, 73, 75, 73, 72, 70, 72, 73, 70, 68]]
[[64, 66, 68, 69, 71, 71, 69, 68, 66], [71, 73, 75, 76, 75, 73, 73, 71], [71, 76, 75, 73, 73, 71, 69, 68, 66, 66], [71, 69, 68, 66, 68, 69, 68, 66, 64]]
[[72, 69, 72, 74, 72, 70, 69], [69, 67, 69, 67, 67, 65], [67, 67, 69, 70, 72, 70, 69, 67], [67, 69, 71, 72, 74, 72, 71, 72], [72, 69, 72, 74, 72, 70, 69], [69, 67, 69, 67, 67, 65]]
[[69, 66, 62, 69, 69, 71], [71, 64, 64, 69, 67, 66, 64, 62], [69, 71, 71, 69, 67, 66], [64, 66, 68, 69, 71, 73, 74, 73, 71, 69], [69, 69, 69, 74, 72, 71, 71], [71, 71, 71, 76, 74, 73, 73], [69, 71, 69, 71, 73, 74], [69, 71, 69, 67, 66, 64, 64, 62]]
[[67, 69, 71, 72, 74, 72, 71, 69, 71], [71, 71, 69, 71, 72, 71, 69, 67, 69, 69, 67], [67, 69, 71, 72, 71, 69, 68, 69], [69, 71, 72, 74, 72, 71, 69, 71], [71, 71, 69, 71, 72, 71, 69, 67, 69, 69, 67]]
[[71, 71, 69, 67, 66, 71, 69, 67, 66, 67], [71, 71, 69, 67, 66, 71, 69, 67, 66, 67], [71, 73, 75, 76, 71, 73, 74, 73, 71], [73, 74, 73, 71, 71, 69, 67, 66, 67], [69, 69, 71, 69, 67, 66, 67, 67, 66], [73, 74, 73, 71, 66, 71, 71, 70]]
[[71, 71, 76, 74, 72, 71, 72, 71], [71, 72, 74, 67, 69, 71, 69, 67], [69, 69, 71, 72, 76, 74, 72, 71], [71, 69, 74, 76, 78, 76, 74, 73, 74], [74, 74, 71, 72, 74, 76], [69, 71, 72, 74, 72, 71, 71, 69, 67, 67]]
[[67, 71, 69, 71, 72, 74, 71], [76, 76, 74, 74, 72, 72, 71, 72], [71, 76, 72, 69, 71], [74, 76, 78, 79, 78, 76, 74, 71, 69, 67, 67, 66, 67]]
[[72, 71, 72, 74, 74, 72, 74, 76], [77, 76, 74, 72, 71, 69, 71, 72, 74, 72], [72, 74, 76, 77, 76, 74, 72, 74, 72, 71, 69], [71, 67, 67, 74, 76, 77, 76, 74, 72], [79, 76, 77, 76, 74, 72, 71, 72, 74, 72]]
[[69, 68, 69, 71, 71, 69, 71, 73], [74, 73, 71, 69, 68, 69, 71, 69], [69, 68, 69, 71, 71, 69, 71, 73], [74, 73, 71, 69, 68, 69, 71, 69], [69, 71, 73, 74, 73, 71, 69, 71, 69, 68, 66], [68, 64, 64, 71, 73, 74, 73, 71, 69], [76, 73, 73, 71, 69, 68, 69, 71, 69]]
[[72, 69, 67, 65], [72, 74, 72], [77, 77, 76, 76, 74, 72, 72], [72, 74, 72, 70, 69], [67, 69, 71, 72, 72, 71, 72], [72, 74, 70, 70, 69, 70, 69, 67, 65], [69, 67, 65], [72, 72, 71, 72], [77, 77, 76, 74, 72], [72, 74, 72, 70, 70, 69, 70, 69, 67, 65]]
[[73, 76, 73, 73, 73, 73, 74, 73, 71, 69], [73, 76, 71, 71, 71, 71, 71, 66, 68, 69, 68, 66, 66]]
[[67, 69, 70, 69, 67], [67, 70, 69, 67], [74, 72, 70, 69], [69, 70, 70, 72, 72, 74, 74, 72, 70, 69, 67], [74, 72, 70, 69], [74, 72, 70, 69], [69, 70, 70, 72, 72, 74, 74, 72, 70, 69, 67]]
[[67, 62, 64, 66, 67, 69, 71, 67], [71, 72, 74, 74, 71, 72, 74, 72, 71], [71, 72, 71, 69, 67, 69, 71, 71, 69, 67], [71, 72, 74, 74, 71, 74, 72, 71], [71, 72, 71, 69, 67, 69, 71, 71, 67], [69, 71, 71, 64, 66, 67, 66, 64, 62], [62, 67, 69, 71, 69, 71, 72, 71, 69, 67]]
[[65, 72, 70, 69, 67, 65, 72, 74, 74, 72], [72, 74, 76, 77, 76, 74, 74, 72], [69, 74, 72, 70, 69, 67, 65], [72, 69, 72, 69], [69, 69, 67, 67, 69, 69, 67, 67, 69, 69, 67, 65], [77, 76, 74, 72, 70, 69, 67, 65]]
[[71, 71, 69, 67, 66, 64], [71, 73, 74, 71, 76, 75], [76, 79, 78, 78, 76], [71, 71, 69, 67, 66, 64], [71, 73, 74, 71, 76, 75], [76, 79, 78, 78, 76], [71, 71, 72, 71, 69, 69, 67], [71, 73, 74, 71, 76, 74, 73, 73, 71], [71, 71, 69, 67, 66, 64]]
[[62, 69, 69, 67, 74, 72, 71, 69], [72, 69, 72, 71, 69, 71, 69], [71, 72, 71, 72, 69, 67, 65, 67, 64, 62], [69, 67, 65, 64, 62, 60], [69, 65, 72, 69, 67, 65, 67, 69], [67, 65, 64, 62, 61, 65, 64, 65, 64, 62]]
[[69, 71, 73, 74, 76, 74, 73, 71, 73], [73, 73, 71, 73, 74, 73, 71, 69, 71, 69], [69, 71, 73, 74, 73, 71, 73, 71], [71, 73, 74, 76, 74, 73, 71, 73], [69, 71, 73, 74, 73, 71, 69, 66, 68, 69]]
[[78, 78, 74, 76, 78, 79, 76], [76, 76, 74, 74, 73, 74], [76, 76, 76, 76, 78, 74, 74], [74, 73, 74, 76, 76, 74], [73, 73, 73, 73, 73, 74, 74], [78, 78, 74, 76, 78, 79, 78, 78, 76, 78, 75, 75, 76], [78, 78, 74, 76, 78, 79, 76, 76, 76, 74, 74, 73, 74]]
[[71, 69, 67, 69, 74, 71, 67, 69], [67, 67, 67, 67, 69, 71, 69, 67], [62, 62, 64, 66, 67, 69, 66, 62], [67, 67, 67, 67, 69, 71, 69, 67]]
[[74, 74, 74, 74, 76, 77, 76, 74, 72], [74, 72, 71, 69, 67, 69, 71, 73, 74, 76, 74], [74, 79, 78, 76, 78, 79, 78, 76, 74], [74, 79, 74, 76, 71, 72, 74, 72, 71], [71, 69, 71, 72, 71, 69, 64, 66, 67, 66, 67]]
[[74, 74, 74, 76, 76, 74], [71, 72, 71, 69, 71, 72, 69, 67], [69, 69, 69, 71, 71, 69], [69, 71, 73, 74, 74, 73, 74], [74, 76, 74, 72, 71, 72], [71, 69, 71, 72, 69, 69, 67, 67]]
[[71, 71, 73, 74, 76, 78], [78, 78, 76, 74, 76, 73], [73, 74, 76, 78, 78, 76, 78, 78, 74, 76, 78, 78, 76, 74], [78, 81, 78, 78, 78, 76, 76], [76, 78, 76, 74, 76, 74, 73, 71]]
[[64, 69, 71, 72, 74, 71, 69, 67], [67, 69, 69, 71, 71, 64], [64, 69, 71, 72, 74, 72, 71, 69, 67], [67, 69, 69, 71, 71, 64], [76, 74, 72, 72, 71, 72], [71, 72, 74, 76, 76, 74, 72, 71], [71, 72, 71, 69, 69, 71, 69, 67], [67, 65, 64, 69, 69, 71, 68, 69]]
[[74, 74, 73, 71, 69, 74, 76, 78], [78, 78, 78, 76, 78, 79, 78, 76], [74, 76, 78, 76, 74, 71, 73, 74], [81, 78, 74, 76, 79, 78, 76, 74]]
[[72, 72, 72, 72, 74, 75, 74, 72, 70], [72, 70, 69, 67, 65, 67, 69, 71, 72, 74, 74, 72], [72, 77, 76, 74, 76, 77, 76, 74, 72], [72, 77, 72, 74, 69, 70, 72, 70, 69], [69, 67, 69, 70, 69, 67, 62, 64, 65]]
[[74, 74, 71, 73, 74, 76, 78, 76, 76, 74], [74, 73, 71, 73, 74, 76, 74, 73, 71], [76, 78, 78, 73, 74, 76, 74, 74, 73], [74, 76, 71, 73, 74, 73, 71, 71, 69], [74, 73, 71, 73, 74, 76, 74, 73, 71]]
[[69, 69, 70, 72, 74, 72, 70, 69, 70, 69], [69, 70, 72, 65, 67, 69, 67, 65], [69, 69, 70, 72, 74, 72, 70, 69], [69, 70, 72, 65, 67, 69, 70, 67, 65], [67, 67, 69, 70, 70, 70, 72, 69], [69, 67, 72, 74, 75, 74, 72, 71, 72], [72, 72, 70, 69, 70, 72, 74, 75, 74], [67, 69, 69, 67, 67, 65]]
[[69, 67, 66, 71, 73, 74, 74, 73], [71, 73, 74, 69, 67, 66, 67, 66, 64, 62], [66, 68, 70, 71, 73, 74, 73, 71], [73, 74, 76, 78, 76, 76, 74]]
[[64, 69, 71, 72, 71, 69, 71, 68, 66, 64], [67, 67, 65, 64, 69, 69, 68, 69], [71, 72, 74, 76, 76, 74, 74, 72], [76, 74, 72, 71, 69, 72, 71, 69]]
[[62, 64, 65, 64, 65, 67, 69, 69], [72, 71, 69, 69, 68, 69], [69, 71, 72, 74, 72, 71, 72, 70, 69], [69, 67, 65, 65, 64, 65], [69, 67, 65, 67, 69, 67, 65, 64], [65, 67, 65, 64, 62]]
[[69, 69, 69, 69, 71, 67, 66, 64], [71, 73, 71, 69, 68, 66, 68, 66, 64], [64, 69, 69, 69, 71, 68, 66, 64], [71, 73, 71, 69, 68, 66, 68, 66, 64], [76, 74, 73, 71, 69, 69, 71, 73, 71], [73, 74, 73, 71, 70, 71], [64, 69, 71, 73, 74, 76, 74, 73, 71], [74, 73, 71, 76, 74, 73, 71, 69, 71, 73, 71, 69]]
[[69, 76, 76, 76, 76, 78, 76, 74, 73], [71, 73, 75, 76, 76, 78, 75, 76], [76, 76, 76, 76, 74, 73, 74, 76, 74, 73, 71], [76, 74, 73, 71, 71, 73, 69, 71, 73, 74, 76], [76, 74, 73, 71, 71, 69]]
[[62, 62, 64, 66, 68, 69, 69, 68, 69], [66, 67, 66, 64, 64, 62], [64, 64, 66, 67, 67, 66, 64, 66, 64], [66, 66, 66, 67, 69, 71, 71, 70, 71], [73, 74, 66, 67, 66, 64, 64], [69, 71, 69, 67, 66, 64, 64, 62, 62]]
[[79, 78, 76, 78, 74, 76, 78, 79], [79, 79, 74, 74, 72, 71, 72, 74, 72, 71], [71, 76, 76, 74, 76, 78, 79, 78, 76, 74], [79, 78, 76, 74, 76, 74, 72, 71, 69, 67]]
[[64, 69, 67, 65, 64, 62, 64], [71, 72, 72, 71, 72, 74, 71, 69], [72, 71, 69, 67, 69, 71, 72, 72], [67, 69, 67, 65, 64, 65, 64], [72, 71, 72, 74, 72, 71, 69, 71], [64, 65, 64, 62, 67, 65, 64]]
[[71, 71, 72, 71, 71, 69, 71], [74, 74, 76, 76, 69, 74, 72, 71, 71], [67, 69, 71, 69, 67, 66, 64, 64], [71, 72, 74, 71, 72, 71, 69, 69, 67], [71, 71, 76, 76, 69, 69], [71, 72, 74, 74, 72, 71, 69, 69], [71, 72, 74, 71, 72, 71, 69, 71, 71, 69, 67, 66, 64]]
[[62, 67, 69, 71, 72, 74, 76, 74, 72, 71, 71], [76, 74, 72, 71, 69, 71, 72, 71, 69, 67, 67], [74, 76, 76, 69], [69, 74, 74, 67], [71, 69, 67, 66, 67, 66, 64, 62], [74, 72, 71, 69, 71, 72, 69, 67]]
[[67, 67, 69, 69, 71, 71, 72], [74, 74, 72, 72, 71, 69, 71, 72, 69, 67], [67, 67, 69, 69, 67, 65, 64], [67, 67, 65, 65, 64, 62, 64, 65, 62, 60], [72, 72, 71, 71, 69, 69, 67], [67, 67, 65, 64, 62, 62, 60]]
[[66, 67, 69, 71, 69, 74, 74, 73, 74], [74, 73, 71, 76, 74, 73, 73, 71], [71, 71, 71, 73, 74, 73, 71, 69, 69, 68, 69], [69, 71, 73, 74, 73, 71, 73], [66, 67, 69, 71, 69, 74, 74, 73, 74], [74, 73, 71, 76, 74, 73, 73, 71]]
[[74, 75, 77, 77, 75, 74, 72, 72], [74, 75, 77, 74, 72, 72, 70], [74, 75, 77, 77, 75, 74, 72, 72], [74, 75, 77, 74, 72, 72, 70], [72, 74, 75, 75, 74, 72, 72], [75, 77, 79, 79, 77, 77, 75, 75], [74, 75, 77, 70, 75, 74, 72, 72], [74, 75, 77, 74, 72, 72, 70, 70]]
[[69, 64, 66, 68, 69, 71, 73, 69], [73, 74, 76, 76, 73, 74, 76, 74, 73], [73, 74, 73, 71, 69, 71, 73, 73, 69], [73, 74, 76, 76, 73, 74, 76, 74, 73], [73, 74, 73, 71, 69, 71, 73, 73, 69], [71, 73, 73, 66, 68, 69, 68, 66, 64], [64, 69, 71, 73, 71, 73, 74, 73, 71, 69]]
[[71, 72, 71, 69, 71, 72, 74, 76, 74, 72, 71], [74, 72, 71, 72, 71, 69, 67, 65, 64], [71, 72, 71, 69, 71, 72, 74, 76, 74, 72, 71], [74, 72, 71, 72, 71, 69, 67, 65, 64], [67, 65, 64, 62, 64, 62, 60, 62, 62, 64], [71, 72, 71, 69, 67, 69, 71, 72, 74, 71], [76, 74, 72, 71, 72, 74, 69, 67, 65, 64], [62, 67, 69, 71, 72, 74, 72, 71, 69], [72, 71, 69, 67, 65, 64, 65, 67, 65, 64, 64]]
[[67, 69, 71, 72, 74, 72, 71, 69, 71], [71, 71, 69, 71, 72, 71, 69, 67, 69, 69, 67], [67, 69, 71, 72, 71, 69, 68, 69], [69, 71, 72, 74, 72, 71, 69, 71], [71, 71, 69, 71, 72, 71, 69, 67, 69, 69, 67]]
[[74, 74, 74, 74, 76, 77, 76, 74, 72], [74, 71, 69, 67, 69, 71, 73, 74, 76, 74], [74, 79, 78, 76, 78, 79, 78, 76, 74], [74, 79, 74, 76, 71, 72, 74, 72, 71], [71, 69, 71, 72, 71, 69, 64, 66, 67]]
[[74, 70, 72, 74, 75, 77, 75, 74], [74, 75, 77, 77, 72, 74, 70, 69], [65, 70, 72, 74, 74, 72, 72], [74, 70, 72, 74, 75, 77, 75, 74], [74, 77, 77, 72, 74, 70, 69], [65, 70, 72, 74, 75, 74, 72, 72, 70]]
[[69, 69, 67, 65, 64, 62], [69, 71, 72, 69, 74, 73], [74, 76, 77, 76, 76, 74], [69, 69, 67, 65, 64, 62], [69, 71, 72, 69, 74, 73], [74, 76, 77, 76, 76, 74], [69, 69, 70, 69, 67, 67, 65], [69, 71, 72, 71, 69, 74, 72, 71, 71, 69], [69, 69, 67, 65, 64, 62]]
[[67, 67, 69, 67, 69, 71, 72, 72, 71, 72], [74, 76, 72], [71, 72, 74, 69], [74, 74, 72, 71, 69, 69, 67, 67], [72, 72, 71, 72, 69, 74, 74, 73, 74], [74, 76, 72], [71, 72, 74, 69], [74, 74, 72, 71, 69, 69, 69, 67, 67]]
[[74, 77, 74, 74, 74, 74, 75, 74, 72, 72, 70], [74, 77, 72, 72, 72, 67, 70, 69, 67], [74, 77, 74, 74, 74, 74, 75, 74, 72, 72, 70], [74, 77, 72, 72, 72, 72, 72, 67, 69, 70, 69, 67, 67, 67, 67]]
[[74, 69, 71, 73, 74, 76, 78, 76, 74, 73, 74], [78, 76, 74, 73, 71, 69, 71, 73, 74, 76, 76, 74, 73, 71], [78, 79, 76, 78, 74, 76, 78, 71], [78, 79, 76, 78, 74, 76, 78, 71], [74, 73, 71, 69, 71, 67, 67, 66, 71, 69, 74, 74, 73, 74], [69, 71, 73, 74, 76, 78, 76, 76, 74, 73, 73, 71]]
[[66, 68, 69, 68, 66], [66, 68, 69, 68, 66], [73, 71, 69, 68], [68, 69, 69, 71, 71, 73, 73, 71, 69, 68, 66], [73, 71, 69, 68, 68], [73, 71, 69, 68], [68, 69, 69, 71, 71, 73, 73, 71, 69, 68, 68, 66]]
[[67, 67, 69, 71, 73, 74, 74, 73, 74], [71, 72, 71, 69, 71, 69, 67], [67, 67, 69, 71, 73, 74, 74, 73, 74], [71, 72, 71, 69, 71, 69, 67], [69, 69, 71, 72, 72, 71, 69, 71, 69], [71, 71, 71, 72, 74, 76, 76, 75, 76], [78, 79, 71, 72, 71, 69, 69], [74, 76, 74, 72, 71, 72, 69, 67]]
[[67, 67, 69, 71, 69, 67, 69, 69, 71], [67, 69, 71, 72, 74, 72, 71, 69, 67, 69, 67], [71, 71, 69, 67, 66, 67, 69, 71, 69], [69, 67, 66, 67, 62, 67, 69, 71], [67, 69, 71, 72, 74, 72, 71, 69, 67, 69, 67]]
[[73, 69, 71, 73, 74, 76, 74, 73], [73, 74, 76, 76, 71, 73, 71, 69, 68], [64, 69, 71, 73, 74, 76, 74, 73, 71], [73, 69, 71, 73, 74, 76, 74, 73], [73, 74, 76, 76, 71, 73, 69, 68], [64, 69, 71, 73, 74, 76, 74, 73, 71, 69]]
[[66, 71, 73, 74, 76, 73, 71, 69], [69, 71, 71, 73, 71, 73, 66], [78, 76, 74, 74, 73, 74], [73, 74, 76, 78, 78, 76, 74, 73], [73, 74, 76, 74, 73, 71, 71, 71, 73, 74, 73, 71, 69], [67, 66, 71, 71, 73, 70, 71]]
[[73, 74, 76, 76, 74, 73, 71, 71], [73, 74, 76, 74, 73, 71, 71, 69], [73, 74, 76, 76, 74, 73, 71, 71], [73, 74, 76, 74, 73, 71, 71, 69], [71, 73, 74, 74, 73, 73, 71], [74, 76, 78, 78, 76, 76, 74], [73, 74, 76, 76, 74, 73, 71, 71], [73, 74, 76, 74, 73, 71, 71, 69]]
[[73, 71, 69, 71, 73, 74, 76, 74, 73], [73, 74, 76, 76, 71, 73, 71, 69, 68], [64, 69, 71, 73, 71, 73, 74, 71], [73, 71, 69, 71, 73, 74, 76, 74, 73], [73, 74, 76, 76, 71, 73, 71, 69, 68], [64, 69, 71, 73, 74, 76, 74, 73, 71, 69]]
[[66, 71, 69, 67, 66, 64, 66], [73, 74, 74, 73, 71, 73, 71], [66, 71, 69, 67, 66, 64, 66], [73, 74, 74, 73, 71, 73, 71], [74, 73, 71, 69, 71, 73, 74, 74], [69, 71, 69, 67, 67, 66], [74, 73, 74, 76, 74, 73, 71, 73], [66, 67, 66, 64, 69, 67, 66]]
[[72, 69, 67, 65, 70, 72, 74, 75, 74, 72], [74, 70, 72, 65, 70, 69, 67], [76, 72, 69, 74, 73, 74, 76, 77, 76, 69], [74, 76, 77, 79, 72, 70, 69, 74, 70, 67, 65]]
[[77, 77, 72, 73, 75, 73, 72, 72, 70], [73, 73, 72, 70, 69, 70, 72], [72, 73, 75, 73, 72, 73, 72, 70, 70, 68], [73, 75, 77, 75, 73, 78, 77, 75, 73], [72, 73, 75, 77, 75, 73, 72], [70, 72, 73, 75, 73, 72, 72, 70]]
[[69, 69, 69, 76, 74, 76, 72, 71], [69, 71, 72, 71, 72, 74, 76, 74, 72, 71], [72, 71, 69, 69, 74, 72, 71, 72, 69, 67], [67, 72, 71, 72, 74, 76, 74, 72, 71], [69, 71, 72, 71, 72, 74, 76, 74, 72, 71], [76, 76, 76, 74, 72, 71, 72, 71, 68, 69, 71, 71, 69]]
[[71, 70, 71, 73, 74, 76, 74, 73, 71], [71, 69, 67, 69, 71, 69, 67, 66, 64, 66, 64], [64, 66, 67, 69, 64, 66, 67, 69, 71], [71, 76, 74, 76, 78, 76, 74, 73, 71], [73, 74, 72, 71, 72, 74, 69, 67, 66, 64], [71, 69, 67, 66, 64]]
