[[76, 74, 72, 71, 69, 67, 71, 66], [67, 67, 74, 69, 71, 72, 71, 69], [67, 69, 64, 65, 67, 64, 64, 67, 67, 69], [69, 71, 76, 74, 72, 71, 71, 74, 76], [78, 79, 78, 76, 74, 72, 71, 72, 71, 69], [71, 69, 71, 69, 67, 66, 64]]
[[79, 76, 76, 74, 72, 71, 72, 71, 69, 67, 69, 71], [72, 71, 69, 69, 74, 74, 74, 67], [66, 71, 69, 67, 67, 69, 72, 71, 69], [67, 69, 71, 69, 67, 67, 69, 69], [71, 71, 69, 67, 66, 67, 69, 71, 69, 67, 66, 67], [64, 72, 71, 71, 69]]
[[71, 71, 70, 71, 71, 69, 71, 67], [66, 64, 64, 67, 74, 76, 76, 74], [72, 71, 70, 71, 71, 72, 65], [64, 64, 66, 67, 67, 66, 71, 71], [73, 74, 76, 76, 74, 76, 78, 79, 78, 76], [74, 74, 74, 74, 72, 71, 69, 67]]
[[79, 74, 76, 74, 72, 71, 71, 67, 69], [68, 69, 71, 69, 67, 69, 71, 69], [71, 69, 67, 69, 71, 71, 76, 74, 73, 74], [71, 73, 74, 76, 74, 72, 71, 78, 79], [79, 76, 72, 72, 71, 71, 69], [69, 74, 72, 71, 69, 68, 68]]
[[79, 79, 78, 76, 74, 72, 71, 69, 69], [67, 66, 67, 66, 67, 69, 69, 67, 67, 66, 67, 69], [69, 67, 72, 71, 69, 71, 67, 74, 76, 78, 79, 77, 76, 74], [72, 74, 76, 77, 78, 67, 74, 71], [71, 72, 71, 69, 67, 69, 69, 67, 67, 66, 67, 69, 71, 67, 66], [66, 74, 76, 74, 72, 71, 69, 71]]
[[71, 71, 69, 71, 72, 71, 69, 67, 69, 71, 69, 71, 72, 74, 72], [71, 69, 71, 71, 67, 72, 71, 71, 66], [69, 66, 67, 69, 69, 69, 67, 69, 71, 72, 74], [72, 71, 69, 67, 69, 71, 72, 69, 71, 66, 67], [70, 71, 71, 73, 75, 79, 78, 76, 74], [71, 76, 76, 74, 71, 71, 64]]
[[71, 69, 71, 73, 74, 76, 78, 79, 78], [76, 78, 76, 74, 76, 78, 79, 78, 76], [76, 74, 72, 69, 71, 71, 71, 64, 64, 64], [64, 67, 66, 67, 69, 67, 72, 71, 69, 67], [66, 67, 69, 71, 72, 69, 67, 66, 67], [67, 67, 71, 69, 67, 66, 67, 69, 67, 64]]
[[69, 69, 69, 67, 64, 66, 67, 69, 71, 72, 74, 71], [72, 71, 72, 71, 69, 69, 71, 69, 67, 66], [71, 69, 67, 66, 67, 67, 67, 66], [67, 69, 71, 69, 67, 74, 76], [76, 78, 66, 67, 69, 67, 66, 72, 74], [74, 74, 74, 74, 72, 71, 69, 68]]
[[69, 69, 71, 72, 74, 72, 71, 69, 67, 69, 69, 71, 76], [74, 73, 71, 71, 67, 74, 72, 71], [66, 64, 65, 67, 76, 78, 79, 79, 81], [79, 78, 76, 74, 76, 78, 76, 74, 73, 71, 74, 76, 71], [71, 72, 74, 76, 78, 76, 74, 72, 71], [71, 64, 66, 66, 71, 71, 69, 68, 66, 64]]
[[74, 74, 74, 73, 71, 72, 74, 72, 71, 69, 71, 69], [71, 76, 76, 79, 74, 72, 71, 71, 69], [67, 69, 71, 69, 69, 71, 71, 69], [69, 67, 69, 71, 69, 71, 70, 67, 67], [69, 66, 71, 69, 67, 71, 69, 67, 66], [64, 71, 72, 71, 69, 71, 71, 67]]
[[67, 67, 67, 66, 67, 69, 67, 66, 64, 66, 67, 69], [71, 69, 67, 69, 71, 69, 74, 72, 74, 76, 74], [73, 74, 71, 70, 71, 74, 74, 72, 71], [73, 74, 72, 71, 72, 69, 71, 72], [74, 74, 73, 71, 69, 69, 69, 71, 72, 69, 67, 69], [71, 76, 74, 74, 73, 71]]
[[67, 66, 67, 66, 67, 69, 71, 69, 67], [66, 68, 70, 71, 72, 69, 69, 71], [76, 76, 76, 69, 69, 79, 78, 76, 78], [79, 71, 76, 74, 73, 71, 71, 69, 67, 71, 73], [74, 74, 76, 78, 79, 78, 79, 81, 76, 77, 76, 74, 76, 72, 72], [71, 71, 76, 72, 69, 71, 71, 67]]
[[67, 67, 69, 67, 65, 65, 67, 69, 67, 66, 67], [67, 66, 67, 67, 79, 71, 71, 71], [76, 74, 73, 71, 71, 71, 74, 74, 76], [78, 76, 74, 72, 71, 69, 71, 69, 71, 72, 71], [72, 69, 71, 72, 74, 76, 78, 76, 74, 73], [71, 71, 69, 67, 65, 64]]
[[76, 78, 79, 78, 78, 74, 76, 78, 79], [72, 71, 76, 78, 79, 69, 64, 69, 71, 72, 74, 76, 78], [79, 78, 76, 78, 76, 76, 71, 69, 67, 66], [67, 65, 67, 66, 64, 74, 74], [74, 72, 71, 76, 69, 71, 69, 66, 67, 66, 64], [64, 69, 71, 72, 71, 69, 71, 72, 71, 70, 67]]
[[71, 71, 72, 74, 76, 76, 73, 74, 76, 78], [76, 74, 74, 74, 72, 71, 69], [71, 67, 67, 69, 74, 74, 74, 76], [77, 76, 74, 72, 71, 69, 67, 69, 74], [79, 78, 76, 74, 76, 78, 78, 76, 74, 76, 74, 76], [76, 74, 74, 76, 74, 72, 71, 71]]
[[71, 71, 71, 69, 71, 72, 78, 79], [74, 76, 78, 76, 76, 72, 71, 69], [67, 67, 66, 67, 67, 67, 67, 69], [71, 72, 71, 69, 67, 69, 71, 69, 74], [76, 77, 79, 76, 78, 79, 78, 76, 72], [71, 72, 74, 72, 74, 76, 74, 72]]
[[71, 67, 69, 71, 73, 66, 74, 76, 78, 79, 74], [73, 73, 71, 67, 64, 66, 67, 66, 71], [71, 69, 67, 66, 68, 67, 69, 71, 71, 76], [79, 78, 76, 74, 72, 69, 74, 72], [71, 69, 71, 72, 71, 69, 71, 72, 71, 69, 67, 67, 66], [67, 67, 72, 69, 71, 72, 74, 71]]
[[69, 76, 76, 69, 71, 72, 74, 72], [71, 69, 71, 71, 74, 76, 78, 79], [78, 76, 74, 71, 71, 71, 67, 66, 67], [69, 66, 67, 69, 71, 74, 76], [72, 74, 76, 78, 79, 71, 69, 67, 69, 67, 66], [67, 69, 67, 69, 71, 64]]
[[67, 69, 71, 72, 74, 72, 71, 69], [69, 67, 69, 67, 69, 71, 72, 74, 72, 71], [72, 71, 69, 69, 71, 71, 69, 67], [66, 79, 76, 76, 74, 69, 71, 73], [74, 76, 74, 72, 74, 72, 71, 72, 71, 69, 67], [66, 76, 77, 76, 74, 74, 72, 74]]
[[76, 79, 79, 79, 79, 78, 76, 74, 74], [67, 69, 69, 69, 69, 72, 71, 71], [69, 73, 71, 76, 73, 71, 71, 71, 72, 71, 69, 67], [66, 64, 66, 67, 66, 64, 64, 66, 67, 69], [71, 69, 69, 67, 67, 66, 67], [66, 71, 67, 69, 69, 67, 66, 66, 64]]
[[74, 71, 71, 72, 74, 73, 71, 72, 74, 76, 74], [72, 71, 69, 71, 69, 62, 69, 71], [72, 72, 72, 72, 72, 74, 71, 71], [67, 69, 71, 72, 71, 74, 76, 78], [79, 78, 76, 74, 72, 71, 71, 69, 67], [71, 69, 71, 71, 71, 71, 64]]
[[67, 72, 71, 69, 71, 74, 71, 69, 67, 69], [71, 71, 71, 72, 74, 72, 74], [76, 74, 72, 72, 71, 71, 69, 71, 69], [67, 66, 67, 66, 67, 71, 71], [71, 69, 67, 69, 71, 72, 74, 72, 71, 69], [69, 69, 69, 69, 69, 71, 73, 74]]
[[71, 74, 76, 74, 72, 71, 66, 67, 72, 71, 69, 67], [67, 69, 69, 67, 71, 72, 74, 71, 69], [76, 76, 69, 69, 69, 71, 72, 74], [69, 71, 73, 74, 71, 72, 72, 74], [76, 74, 72, 71, 69, 67, 69, 71, 76, 78], [79, 79, 78, 76, 76, 74, 74]]
[[78, 78, 79, 79, 76, 74, 72, 71, 71], [69, 69, 69, 67, 69, 71, 71, 69, 67], [66, 71, 69, 67, 67, 66, 67, 69, 69, 67, 69], [67, 69, 71, 72, 74, 76, 71, 71, 73, 74], [76, 69, 71, 72, 74, 76, 78, 76, 74, 72, 71], [71, 69, 67, 69, 71, 72, 71, 69, 68, 69, 68]]
[[76, 71, 69, 71, 72, 71, 69, 67, 69, 71, 69, 67], [72, 74, 71, 74, 71, 71, 69, 67, 69], [71, 69, 67, 67, 66, 71, 69, 66], [67, 72, 71, 69, 67, 67, 69, 69, 69], [67, 66, 64, 66, 64, 62, 67, 66, 64], [64, 69, 71, 76, 74, 74, 72, 71]]
[[67, 67, 74, 74, 72, 71, 71, 71], [69, 71, 69, 71, 72, 71, 69], [67, 69, 71, 71, 69, 71, 74, 74, 72, 71], [69, 71, 72, 71, 69, 67, 67, 79, 76], [76, 78, 79, 74, 72, 71, 72, 72, 71, 69, 71, 72, 71], [69, 69, 71, 69, 67, 72, 71, 69, 67]]
[[71, 71, 69, 71, 73, 74, 76, 78, 79, 77], [76, 74, 76, 75, 76, 69, 71, 73, 74, 72, 71, 69, 67], [76, 78, 78, 76, 76, 74, 72, 71, 72, 74, 72, 71], [71, 71, 69, 71, 67, 67, 67, 69], [71, 72, 71, 72, 71, 69, 67, 69, 71, 69, 68, 69, 69], [69, 67, 71, 71, 67, 72, 66]]
[[71, 71, 71, 69, 67, 69, 71, 69, 67, 69], [71, 71, 71, 73, 74, 76, 74, 73, 74, 76], [78, 76, 76, 72, 69, 69, 71, 69, 67], [66, 67, 69, 67, 69, 71, 72, 71, 71, 69, 67, 67, 69, 69], [71, 69, 74, 71, 72, 74, 76, 77, 76, 74, 72], [71, 71, 71, 64, 64, 62, 64]]
[[67, 67, 67, 71, 69, 67, 66, 67, 69, 71, 72, 71], [69, 67, 69, 69, 71, 72, 74, 71], [74, 76, 74, 76, 76, 79, 79, 74], [71, 66, 67, 66, 64, 64, 72, 71, 69, 67], [66, 67, 69, 66, 67, 69, 71, 69], [69, 71, 72, 74, 72, 71, 69, 68, 69, 67, 66, 64]]
[[71, 76, 78, 67, 69, 71, 72, 74, 72, 71], [69, 67, 69, 67, 71, 71, 76, 76], [78, 74, 76, 76, 74, 74, 69, 71], [71, 69, 67, 69, 67, 71, 73], [71, 71, 67, 69, 67, 69, 71, 66, 69], [67, 74, 74, 72, 71, 69, 68]]
[[67, 74, 76, 74, 72, 71, 72, 71, 71], [69, 69, 67, 67, 71, 74, 72, 71], [69, 71, 69, 71, 64, 71, 69, 69], [71, 69, 67, 66, 67, 67, 67, 67, 66], [67, 69, 71, 69, 67, 66, 67, 69, 70, 72, 72, 71, 72], [71, 76, 76, 74, 76, 74, 72, 71]]
[[71, 71, 69, 67, 66, 67, 69, 71, 72, 74, 74], [72, 71, 67, 69, 71, 69, 67], [66, 67, 69, 71, 76, 74, 72, 71], [71, 76, 74, 73, 72, 66, 72, 71], [71, 69, 74, 72, 71, 69, 68, 69, 71, 72, 71], [69, 71, 67, 67, 69, 67]]
[[67, 67, 74, 76, 78, 76, 71, 67, 72], [71, 69, 71, 69, 69, 69, 71, 71], [72, 71, 69, 67, 67, 67, 69, 71], [69, 71, 72, 71, 69, 67, 66, 67, 67, 71, 71], [76, 72, 78, 79, 79, 78, 79, 78, 76, 74, 76], [69, 67, 67, 69, 71, 67, 67]]
[[71, 67, 69, 71, 72, 71, 69, 69, 67, 66, 67], [64, 66, 78, 76, 78, 79], [78, 76, 74, 72, 71, 71, 71, 74, 76, 78, 79], [79, 74, 72, 76, 74, 72, 71, 69, 71], [71, 76, 72, 74, 73, 71, 72, 74, 72, 71, 67, 69], [69, 69, 74, 76, 78, 79, 78, 76, 74]]
[[74, 79, 78, 76, 74, 76, 78, 76, 74, 72, 71], [69, 71, 72, 71, 69, 69, 69, 71, 69, 64, 66], [67, 69, 71, 69, 67, 64, 67, 69, 71], [67, 69, 70, 69, 67, 69, 74, 71], [71, 74, 76, 78, 79, 77, 76, 74, 72, 71], [71, 76, 76, 78, 79, 76, 77, 76]]
[[69, 71, 72, 74, 71, 72, 71, 71, 77], [76, 74, 71, 71, 71, 74, 69, 76], [76, 78, 74, 74, 76, 74, 72, 71, 71, 67], [66, 64, 74, 73, 74, 71, 74, 69], [71, 69, 67, 66, 67, 69, 67, 65, 67, 72, 71, 69, 67, 69, 71, 69, 67], [66, 74, 76, 74, 72, 71, 70, 71]]
[[71, 67, 76, 72, 74, 76, 76, 74, 71], [76, 72, 74, 77, 76, 76, 69, 71, 69, 67, 66, 68], [69, 71, 73, 74, 76, 76, 69, 71, 72, 74, 72], [71, 69, 71, 72, 72, 71, 71, 71, 69, 71, 72], [74, 72, 71, 73, 74, 72, 71, 69, 71, 73, 74, 72, 71, 76, 71], [71, 71, 71, 71, 71, 71, 69, 68]]
[[69, 71, 73, 74, 74, 76, 78, 79, 76], [79, 78, 76, 71, 76, 71, 72, 74, 72, 71], [69, 67, 72, 67, 66, 64, 69, 69, 71, 72, 74, 72], [72, 69, 69, 71, 69, 71, 64, 71, 69], [71, 71, 69, 71, 72, 71, 69, 69, 68], [69, 69, 74, 76, 76, 74, 72, 71, 72]]
[[69, 69, 74, 71, 69, 67, 67, 64], [66, 64, 71, 74, 72, 71, 72, 71], [69, 71, 72, 71, 72, 74, 72, 71, 69, 69, 66, 67, 69], [69, 71, 69, 67, 71, 71, 71], [72, 74, 76, 78, 78, 76, 74, 76, 78, 79, 78, 76], [74, 71, 69, 67, 66, 64]]
[[67, 69, 71, 72, 71, 72, 71, 69, 67, 66, 67, 66], [67, 69, 71, 69, 71, 76, 78, 79], [78, 76, 78, 79, 69, 71, 69, 71], [67, 66, 71, 71, 69, 67], [64, 66, 67, 66, 64, 69, 71, 69, 71], [71, 69, 69, 66, 67, 67, 66]]
[[67, 72, 71, 69, 71, 72, 72, 71], [69, 67, 69, 69, 71, 72, 71], [69, 67, 69, 67, 67, 71, 71, 66], [67, 71, 72, 72, 74, 74, 74, 76, 78], [76, 74, 72, 71, 69, 67, 66, 67, 69, 71, 69, 67], [67, 69, 71, 76, 69, 69, 67]]
[[71, 72, 74, 72, 71, 69, 71, 72, 71, 69, 71], [74, 72, 71, 69, 71, 72, 74, 76], [76, 74, 72, 71, 69, 71, 74, 74, 74], [74, 74, 72, 74, 72, 71, 67, 69, 71], [71, 69, 67, 66, 71, 72, 74], [71, 71, 69, 71, 71, 69, 67]]
[[71, 71, 72, 74, 72, 71, 69, 71], [67, 69, 74, 76, 74, 72, 71], [72, 71, 69, 67, 67, 74, 74, 72, 71, 69], [67, 69, 71, 72, 71, 69, 67, 69, 69, 69, 71], [72, 74, 72, 71, 69, 71, 72, 71, 69, 67], [67, 69, 66, 67, 69, 67, 66, 64]]
[[79, 76, 76, 74, 76, 74, 72, 74, 71, 67, 76, 79], [78, 79, 77, 76, 76, 74, 71, 72, 74, 72, 71, 69, 67, 66], [64, 69, 69, 67, 67, 71, 73, 74, 76], [69, 71, 71, 69, 67, 74, 76, 74], [72, 71, 69, 71, 69, 67, 69, 71, 72, 72], [71, 71, 76, 74, 72, 72, 71]]
[[71, 71, 71, 76, 76, 78, 79, 78, 79], [74, 73, 71, 69, 71, 69, 67, 71, 64], [69, 69, 71, 69, 69, 69, 69, 71], [72, 71, 69, 67, 67, 67], [69, 71, 69, 71, 69, 71, 72, 74, 72, 71], [71, 71, 73, 74, 72, 71, 71, 69, 68]]
[[69, 74, 74, 72, 71, 69, 71, 74], [76, 76, 74, 74, 74, 71, 69, 67, 69, 67, 69, 71], [72, 74, 72, 71, 69, 69, 69, 69, 71], [71, 73, 70, 69, 69, 71, 72, 71, 69], [67, 66, 67, 64, 63, 64, 66], [67, 72, 71, 71, 69, 67]]
[[71, 76, 76, 78, 79, 78, 76, 78, 79], [74, 72, 71, 67, 71, 72, 74, 72, 71], [69, 67, 71, 69, 69, 71, 71, 78, 79, 76], [76, 78, 76, 74, 72, 74, 71, 69, 67], [72, 74, 74, 72, 71, 73, 74, 72, 71, 66, 79, 79, 78, 76], [74, 69, 71, 67, 69, 69, 71, 72, 71, 69, 67]]
[[79, 76, 76, 69, 67, 69, 71, 69, 67, 66], [71, 71, 71, 74, 72, 71, 69], [71, 69, 67, 69, 69, 74, 71], [67, 67, 69, 71, 72, 67, 67, 67], [69, 71, 72, 74, 74, 73, 71, 73], [71, 67, 69, 71, 69, 65, 64]]
[[76, 74, 73, 71, 72, 74, 76, 78, 79, 81, 79], [78, 76, 74, 72, 71, 67, 71, 71], [69, 71, 72, 74, 71, 71, 72, 71, 69], [71, 71, 70, 71, 67, 76, 79], [79, 71, 67, 69, 71, 72, 71, 69, 67, 66, 64], [67, 64, 66, 67, 69, 71]]
[[76, 76, 71, 72, 71, 69, 71, 72, 71], [69, 71, 69, 71, 67, 66, 67, 71], [71, 69, 71, 72, 71, 69, 67, 67, 76, 76, 71], [76, 76, 78, 79, 79, 78, 76, 74, 76, 76, 74], [72, 71, 69, 71, 72, 71, 69, 69, 71, 72], [71, 78, 79, 78, 76, 74, 73, 71]]
[[71, 69, 71, 71, 76, 78, 76, 74, 76, 78, 79, 74], [76, 74, 72, 71, 69, 71, 71, 69, 71], [71, 72, 74, 69, 73, 78, 79, 76], [78, 79, 81, 79, 78, 78, 76, 74, 74, 69, 69], [71, 71, 69, 69, 71, 71, 69], [71, 74, 72, 71, 69, 67, 66, 64]]
[[71, 67, 69, 71, 72, 71, 69, 71, 69, 71, 73], [74, 71, 74, 74, 73, 71, 69], [71, 71, 72, 71, 69, 67, 66, 66, 71, 71], [71, 69, 71, 72, 74, 71, 67, 69], [71, 69, 67, 66, 67, 78, 76, 74, 73, 71, 72, 74, 76, 74, 73, 71], [71, 71, 67, 67, 67, 66, 64]]
[[71, 74, 72, 71, 69, 71, 69, 69], [71, 72, 71, 69, 71, 72, 74, 71, 72], [74, 72, 71, 69, 67, 69, 69, 71, 71, 74], [71, 69, 67, 67, 66, 71, 73], [74, 76, 79, 78, 76, 74, 76, 76], [74, 76, 72, 73, 71]]
[[69, 71, 72, 74, 76, 71, 69, 67, 71, 69], [67, 69, 67, 69, 71, 72, 72, 71, 71], [69, 67, 66, 64, 64, 74, 72, 71, 72, 71], [71, 66, 67, 69, 71, 72, 69, 74, 72], [71, 69, 71, 72, 71, 71, 69, 69, 67, 69], [67, 69, 71, 72, 74, 72, 71, 67]]
[[71, 71, 72, 74, 72, 71, 72, 74, 72, 71], [71, 72, 74, 72, 71, 69, 67, 72, 71, 69, 67, 69, 67, 66], [67, 67, 67, 67, 67, 71, 71, 72, 71], [69, 67, 69, 67, 67, 66, 64, 64, 69, 69], [71, 74, 72, 71, 69, 71, 72, 76, 78, 76, 74], [74, 76, 76, 78, 79, 78, 76, 74]]
[[71, 76, 74, 72, 71, 72, 74, 72, 71, 69], [67, 69, 71, 69, 71, 69, 66], [68, 69, 67, 66, 69, 78, 79, 78], [76, 75, 76, 77, 76, 74, 72, 74, 69, 69, 72], [71, 69, 70, 72, 72, 71, 69, 67, 66, 66, 67, 69, 67, 66], [71, 64, 71, 73, 74, 76, 74, 72, 76]]
[[71, 71, 71, 71, 67, 67, 67, 67], [72, 71, 69, 67, 67, 69, 71, 72], [66, 71, 76, 74, 67, 79, 79, 78], [76, 74, 72, 71, 69, 71, 69, 69, 66, 67], [69, 67, 66, 67, 69, 71, 71, 71, 74, 76], [74, 71, 69, 67, 66, 64, 66, 67]]
[[71, 71, 71, 71, 69, 71, 69, 67], [69, 71, 72, 71, 74, 76, 78, 76], [74, 72, 71, 69, 69, 71, 76, 74], [72, 71, 69, 67, 66, 64, 69, 69], [67, 69, 71, 71, 69, 72, 71, 69, 67, 69], [71, 71, 72, 71, 69, 67, 66]]
[[79, 79, 67, 69, 71, 69, 67], [69, 74, 72, 69, 71, 72, 74, 72], [71, 69, 67, 66, 64, 64, 71, 67, 69, 71], [72, 71, 69, 67, 79, 79], [78, 79, 78, 76, 78, 76, 74, 76, 76], [74, 71, 71, 69, 67, 66, 67]]
[[76, 76, 78, 79, 78, 76, 78, 79, 78, 76], [76, 78, 79, 71, 69, 69, 71, 72, 72], [71, 69, 67, 69, 71, 71, 69, 71, 72, 71], [69, 67, 69, 71, 72, 71, 67, 74, 76, 74], [72, 71, 69, 71, 74, 76, 74, 73, 71], [71, 71, 71, 67, 69, 71, 72, 71]]
[[79, 78, 79, 78, 76, 76, 78, 76, 74, 74, 72, 76, 71, 67], [66, 67, 69, 67, 78, 76, 74, 72, 74], [76, 74, 73, 74, 69, 71, 71, 71, 72, 74, 74], [69, 71, 72, 69, 67, 67, 74, 71], [69, 71, 69, 67, 69, 76, 76, 74, 72, 71], [71, 69, 71, 69, 67, 66, 64]]
[[71, 71, 71, 69, 67, 74, 72, 71, 72], [72, 67, 69, 66, 74, 72, 71, 69, 67], [69, 71, 69, 71, 67, 67, 74, 76, 74, 72, 71], [69, 71, 69, 67, 66, 67, 69, 69, 72, 72], [71, 69, 67, 69, 71, 74, 72, 71], [69, 76, 76, 74, 72, 71, 69, 67, 67, 66, 64]]
[[79, 74, 76, 74, 74, 72, 71, 69, 71, 72, 71], [69, 67, 66, 76, 76, 78, 79, 76], [78, 74, 76, 78, 79, 79, 67, 69, 69, 71, 69], [71, 64, 67, 67, 64, 67, 67], [67, 67, 66, 64, 62, 64, 66, 67, 69], [69, 69, 69, 74, 71, 71, 71]]
[[71, 76, 74, 62, 67, 69, 71, 73, 74], [76, 71, 69, 74, 76, 76, 74], [72, 74, 73, 71, 71, 71, 71, 71], [69, 71, 72, 74, 76, 77, 76, 74, 67, 69, 71], [72, 71, 69, 67, 69, 71, 69, 71, 73, 74, 71, 73], [74, 72, 71, 72, 74, 67, 69, 71]]
[[71, 71, 71, 71, 67, 67, 69, 69], [67, 66, 64, 62, 64, 64, 69, 71], [72, 71, 69, 71, 71, 69, 69, 71], [71, 69, 67, 69, 69, 71, 71], [67, 67, 69, 69, 71, 69, 67, 66, 67], [69, 74, 72, 71, 69, 71]]
[[69, 67, 67, 69, 71, 72, 74, 69, 71, 72], [72, 71, 69, 67, 67, 69, 69, 71, 73, 74], [76, 74, 73, 71, 69, 66, 67, 67, 71, 69], [67, 65, 67, 69, 69, 67, 67, 67, 71, 71], [71, 67, 69, 67, 72, 71, 69, 67, 66, 77, 76, 74, 72], [71, 79, 79, 78, 76, 74, 73, 71, 69, 67]]
[[67, 67, 67, 67, 66, 67, 69, 71, 72, 74, 76], [76, 73, 71, 69, 71, 74, 74, 76, 78], [79, 79, 78, 79, 79, 74, 72, 71], [69, 67, 67, 69, 71, 69, 71, 74, 76], [74, 71, 71, 73, 74, 76, 77, 76], [74, 79, 76, 71, 74, 76]]
[[69, 66, 67, 69, 71, 69, 67, 69, 71, 72, 71, 69, 67], [66, 64, 71, 71, 71, 76, 71, 72, 71, 71], [69, 67, 69, 71, 71, 72, 74, 72, 71], [67, 69, 71, 72, 69, 67, 66, 64, 64, 69, 66], [69, 67, 66, 64, 62, 67, 65, 67], [64, 67, 69, 71, 64, 73, 71, 73]]
[[74, 74, 72, 71, 69, 69, 71, 69], [67, 67, 74, 74, 76, 76], [69, 67, 71, 71, 71, 69, 71, 76], [78, 76, 74, 76, 74, 72, 71, 71, 71, 69, 67], [69, 67, 64, 66, 64, 66, 67, 69, 71, 72, 71], [69, 67, 74, 74, 76, 74, 72]]
[[67, 66, 67, 67, 67, 71, 71, 72, 71], [69, 71, 72, 71, 71, 69, 71], [72, 71, 69, 69, 69, 71, 72], [72, 79, 78, 76, 74, 72, 71, 76, 74], [69, 67, 71, 69, 64, 66, 67, 66, 67, 69, 71, 72], [71, 67, 69, 71, 69, 67, 69, 71, 66]]
[[76, 74, 67, 69, 69, 69, 69, 71], [71, 69, 71, 71, 71, 67, 67, 66, 67], [66, 64, 64, 62, 76, 74, 73], [74, 76, 77, 76, 74, 76, 69, 74, 81, 79], [78, 76, 74, 73, 71, 73, 74, 76, 78, 76, 74, 73], [71, 72, 74, 72, 71, 72, 74, 72, 71, 69, 67]]
[[71, 67, 69, 71, 71, 69, 67, 69, 71, 72, 74], [72, 71, 69, 67, 76, 76, 74, 76], [74, 71, 76, 69, 74, 76, 78], [79, 78, 76, 76, 74, 76, 74, 76, 78, 76, 74, 67, 67], [69, 71, 69, 67, 66, 67, 69, 71, 72, 67, 69, 71, 67, 67], [67, 69, 69, 69, 67, 66, 67]]
[[69, 72, 71, 69, 69, 71, 72, 71, 69], [67, 67, 66, 72, 72, 71, 69, 67, 69], [71, 69, 67, 69, 69, 71, 73, 74, 76], [71, 73, 74, 76, 74, 72, 71, 69, 69, 81, 79], [78, 76, 74, 76, 78, 79, 78, 76, 74, 72, 71, 69], [69, 67, 71, 76, 76, 74, 76, 78, 79, 77, 76, 75]]
[[67, 67, 74, 76, 74, 72, 71, 71], [69, 76, 74, 73, 71, 71, 69, 71, 69, 67, 66, 64, 66], [67, 69, 71, 71, 71, 69, 67, 69, 71], [69, 71, 71, 67, 66, 67, 64, 67, 69, 71], [71, 67, 67, 69, 69, 69, 67, 69], [71, 71, 70, 71, 69, 67, 66]]
[[71, 71, 76, 74, 76, 69, 71, 67], [69, 71, 67, 67, 74, 71, 66, 67], [69, 71, 72, 71, 69, 69, 67, 67, 67, 67, 74, 76], [78, 79, 81, 79, 78, 76, 76, 75, 71, 69], [67, 64, 66, 67, 69, 67, 66, 67, 67, 66], [67, 67, 67, 66, 69, 71, 72, 71, 69, 67]]
[[71, 67, 69, 67, 72, 71, 72, 74, 67], [67, 67, 66, 67, 67, 74, 71, 72, 71], [69, 67, 66, 66, 67, 67, 67], [66, 64, 67, 66, 67, 67, 67, 69], [67, 67, 66, 67, 64, 62, 67, 69], [71, 64, 64, 71, 69, 71, 67]]
[[67, 74, 73, 71, 69, 67, 69, 71, 69, 67, 72, 71, 69, 67], [69, 67, 67, 67, 71, 71, 71, 71, 73], [74, 72, 71, 71, 74, 71, 69], [71, 73, 74, 72, 71, 69, 71, 67, 69, 69, 67], [66, 71, 72, 74, 72, 71, 72, 71, 69, 71, 72, 74, 72, 71], [69, 69, 71, 69, 71, 72, 74, 67, 66]]
[[67, 67, 69, 71, 69, 72, 71, 71, 69], [69, 67, 66, 67, 69, 71, 71, 71, 71, 69], [71, 70, 71, 71, 71, 71, 69], [71, 73, 74, 75, 71, 69, 71], [69, 71, 71, 69, 71, 72, 71, 69, 71, 72], [72, 79, 76, 81, 79, 78, 78, 76]]
[[71, 71, 73, 74, 76, 74, 72, 71, 69, 67, 76, 76, 74, 72, 71], [69, 67, 67, 66, 74, 76, 78, 79], [78, 76, 74, 73, 71, 71, 79, 76], [74, 72, 71, 69, 67, 69, 71], [72, 72, 74, 67, 67, 69, 71, 72, 71, 69, 67, 66], [64, 71, 71, 69, 69, 71, 67]]
[[69, 71, 67, 62, 64, 66, 67, 69, 71, 73], [74, 72, 71, 69, 69, 71, 71, 69], [67, 69, 71, 72, 71, 72], [74, 69, 69, 67, 69, 67, 71], [71, 71, 72, 74, 76, 74, 73, 71, 69, 67, 66, 64], [64, 71, 66, 67, 69, 71, 72, 71, 69]]
[[67, 66, 67, 69, 71, 72, 71, 69, 68, 69, 71, 72, 74, 76, 79], [78, 76, 76, 71, 66, 67, 69, 69], [67, 71, 71, 71, 71, 67, 69, 71, 72], [74, 72, 71, 76, 74, 71, 74, 67, 69, 71, 72], [71, 67, 76, 74, 72, 71, 72, 71, 69, 71, 69, 67, 69, 71, 72], [74, 78, 79, 79, 76, 74, 72, 71]]
[[71, 71, 69, 67, 69, 71, 72, 74, 76], [76, 74, 67, 76, 77, 79, 76], [78, 79, 78, 76, 76, 76, 79, 78, 76], [76, 74, 72, 71, 72, 74, 72, 71, 71], [69, 71, 72, 71, 69, 67, 66, 64, 66, 67, 66, 64, 62], [69, 69, 67, 66, 64, 66]]
[[71, 74, 71, 74, 72, 71, 69, 71, 72], [74, 73, 71, 71, 79, 78, 76, 76], [74, 72, 74, 72, 71, 72, 74, 69, 71, 72, 74, 76], [76, 78, 76, 78, 76, 75, 71, 72, 72, 71], [69, 67, 66, 67, 76, 74, 72, 71, 72, 74, 76, 72], [71, 69, 69, 71, 67, 67]]
[[76, 76, 69, 69, 74, 72, 71, 69], [69, 67, 66, 67, 67, 67, 67, 69, 71, 72], [74, 72, 71, 69, 67, 67, 71, 73, 74], [76, 74, 74, 73, 71, 64, 71, 71], [69, 71, 72, 71, 69, 67, 69, 71, 72, 72, 71, 69, 67, 66, 67, 69, 67], [67, 67, 67, 69, 71, 66, 64, 66]]
[[71, 67, 69, 71, 71, 76, 78, 79, 79], [78, 76, 74, 73, 71, 71, 69, 71, 72, 74, 76], [74, 76, 78, 79, 79, 79, 79, 78], [76, 74, 72, 71, 79, 66, 69, 71], [71, 69, 71, 72, 71, 72, 74, 72, 71, 69, 67, 66, 64], [66, 67, 69, 71, 72, 74, 72, 71]]
[[74, 74, 69, 67, 69, 67, 69, 71, 72], [71, 69, 67, 69, 69, 74, 72, 71, 69, 71, 72, 74], [69, 69, 67, 67, 69, 69, 69, 74, 76, 78, 79, 81, 79, 79], [78, 76, 74, 72, 71, 71, 74, 69], [69, 71, 67, 66, 64, 69, 74, 74], [76, 69, 71, 72, 74, 72, 76, 74, 76, 74, 72, 71, 69, 68]]
[[67, 67, 67, 67, 69, 71, 71, 69], [71, 69, 67, 67, 67, 69, 71, 69], [67, 65, 64, 62, 62, 64, 71], [76, 81, 79, 79, 71, 71], [69, 69, 71, 73, 74, 76, 78, 76, 78, 79, 78, 76, 74], [76, 69, 73, 74, 76, 78, 71, 71, 71]]
[[71, 72, 71, 76, 76, 78, 79, 78, 76], [71, 69, 71, 67, 71, 69, 76, 74], [72, 71, 69, 67, 72, 69, 69, 76, 78, 79, 78, 74, 72], [74, 72, 71, 69, 71, 72, 71, 69, 74, 76, 74], [76, 71, 69, 69, 67, 66, 71], [67, 69, 71, 69, 68, 69]]
[[71, 71, 67, 67, 67, 69, 65], [67, 64, 76, 71, 69, 67], [64, 71, 71, 71, 71, 74, 72, 71], [76, 72, 74, 72, 71, 69, 71, 67], [67, 71, 72, 71, 69, 67, 69, 71, 72], [71, 69, 69, 69, 67, 65, 64]]
[[76, 76, 76, 79, 78, 76, 74, 74, 72], [71, 71, 71, 72, 71, 69, 69], [71, 66, 64, 64, 66, 67, 69], [71, 69, 67, 69, 67, 66, 67, 76, 69, 71], [73, 72, 71, 71, 69, 71, 73, 74, 73, 71], [71, 71, 72, 72, 71, 69, 71]]
[[71, 71, 71, 71, 72, 74, 72, 71, 69, 67, 66, 64], [69, 69, 67, 66, 67, 67, 67, 69, 71], [71, 73, 74, 72, 71, 71, 71, 69, 71, 72], [74, 67, 66, 67, 69, 71, 76, 76, 76, 76], [76, 79, 74, 76, 72, 71, 72, 74, 72, 71, 69], [71, 71, 71, 71, 76, 79, 78, 76, 74]]
[[71, 71, 69, 71, 72, 74, 76, 78, 79, 81, 79, 78], [79, 78, 76, 79, 78, 76, 74], [69, 71, 69, 71, 71, 69, 69], [69, 67, 69, 71, 69, 69, 71, 71], [72, 74, 69, 71, 72, 71, 72, 74, 71, 67, 69], [67, 71, 67, 67, 69, 67, 67]]
[[74, 76, 74, 72, 74, 76, 74, 72, 71, 72, 74], [73, 71, 69, 71, 76, 76, 78], [66, 66, 79, 67, 67, 67, 72], [71, 69, 67, 69, 67, 71, 72], [74, 72, 71, 69, 71, 72, 71, 69, 67, 72, 71, 69, 67, 66], [67, 69, 66, 67, 69, 67, 69, 71, 64]]
[[69, 69, 71, 72, 72, 71, 67, 69], [69, 71, 71, 67, 66, 67, 67, 67, 69, 71], [71, 72, 74, 74, 73, 71, 69, 69, 72, 67, 69, 71], [72, 71, 71, 75, 76, 76, 76], [74, 72, 71, 74, 69, 67, 66], [67, 72, 71, 69, 67, 65, 67, 67]]
[[71, 72, 71, 71, 71, 69], [67, 70, 71, 71, 71, 69, 71, 72, 74, 72, 67], [69, 71, 72, 71, 69, 71, 67, 71, 71, 72, 74], [79, 74, 74, 72, 71, 67, 69, 71, 72], [72, 72, 79, 78, 76, 74, 73, 71, 72, 73], [71, 71, 71, 72, 72, 71, 69, 67]]
[[67, 67, 69, 71, 76, 78, 79, 81, 79, 78], [76, 74, 69, 71, 72, 74, 72, 71, 69], [67, 66, 67, 72, 74, 76, 67, 74, 76, 76, 74], [72, 71, 67, 67, 67, 67, 69, 65, 67], [69, 71, 69, 69, 67, 69, 70, 69], [69, 69, 67, 69, 71, 72, 71, 69, 67, 69, 67]]
[[71, 69, 71, 73, 74, 76, 74, 72, 71, 69, 71], [71, 69, 71, 71, 69, 71, 72, 74, 76], [67, 69, 71, 69, 71, 71, 71, 72, 74, 76], [74, 72, 71, 69, 74, 71, 71, 71, 71], [69, 69, 64, 66, 67, 69, 67, 66, 64], [67, 74, 74, 74, 72, 71]]
[[67, 67, 67, 67, 69, 69, 71, 72], [71, 69, 67, 71, 76, 76, 69], [67, 69, 71, 71, 71, 71, 71, 72, 74], [72, 71, 71, 72, 71, 69, 67, 69, 71, 71], [72, 71, 69, 74, 76, 71, 72, 71, 69, 67, 71, 71, 69], [71, 74, 72, 71, 69, 69, 67]]
[[65, 66, 67, 69, 71, 66], [67, 66, 64, 64, 71, 69, 69, 67], [66, 67, 67, 67, 67, 69, 69], [67, 69, 71, 72, 74, 74, 67, 67], [72, 71, 69, 71, 76, 74, 72, 74, 76, 74], [71, 71, 76, 76, 74, 72, 71, 69, 68]]
[[67, 67, 67, 69, 71, 72, 71, 69, 69], [71, 69, 67, 67, 69, 71, 72, 69], [69, 67, 66, 67, 74, 67, 69, 68, 69], [74, 72, 71, 69, 71, 72, 74, 71, 71, 71, 76, 78], [79, 81, 79, 78, 79, 81, 79, 78, 76, 78, 76], [74, 74, 71, 71, 71, 69, 67, 66, 64]]
[[74, 74, 72, 71, 76, 74, 72, 71, 69], [67, 69, 71, 72, 74, 69, 71, 72, 74, 71], [74, 67, 67, 67, 67, 69, 71, 67], [66, 64, 66, 67, 66, 64, 66, 68, 69, 74], [76, 78, 79, 78, 76, 74, 76, 78], [67, 71, 66, 71, 71, 67, 69]]
[[67, 67, 66, 67, 69, 71, 76, 74, 76, 78], [79, 79, 76, 76, 76, 79, 79], [78, 76, 74, 76, 76, 76, 76, 81, 79, 78], [79, 78, 76, 78, 79, 78, 76, 75, 71, 74, 74], [74, 72, 71, 69, 71, 72, 74, 72, 71, 71], [69, 69, 71, 69, 71, 72, 71, 69, 67, 67]]
[[67, 69, 71, 72, 74, 69, 71, 72, 71, 69, 71, 73], [74, 76, 76, 76, 76, 67, 72], [71, 69, 69, 69, 69, 76, 76, 76, 74, 72], [71, 72, 74, 72, 71, 69, 71, 69, 69, 69], [65, 67, 69, 71, 72, 71, 69, 67, 72, 71], [69, 71, 71, 69, 67]]
[[74, 76, 78, 76, 74, 79, 79, 81, 79], [78, 76, 76, 78, 74], [76, 74, 73, 74, 72, 71, 69, 67, 71, 69, 67, 65, 64, 65, 67], [69, 71, 69, 67, 70, 71, 69, 71], [71, 69, 71, 72, 74, 76, 76, 74, 72, 71, 69], [69, 69, 67, 69, 71, 69, 67, 67]]
[[69, 69, 71, 67, 67, 62, 64, 66, 67, 69], [71, 69, 69, 71, 73, 74, 76], [76, 71, 72, 74, 76, 76, 67, 69, 71, 72], [74, 73, 71, 69, 67, 67, 66, 64, 67, 69, 69], [67, 67, 66, 66, 67, 69, 71, 72, 74, 71], [69, 72, 71, 69, 71, 69, 68]]
[[79, 76, 74, 76, 78, 79, 81, 79, 78, 79, 78, 76], [74, 76, 78, 76, 74, 74, 69, 71, 71, 66], [67, 69, 71, 71, 69, 71, 71, 76, 76, 69], [69, 69, 74, 72, 71, 69, 71, 73], [74, 74, 72, 71, 72, 76, 69], [67, 74, 76, 78, 76, 74, 73, 71, 70]]
[[71, 74, 76, 78, 79, 79, 79, 78, 76, 74], [79, 67, 69, 67, 67], [66, 72, 71, 69, 69, 74, 76, 78], [76, 71, 72, 74, 72, 71, 71, 79, 79], [79, 78, 79, 76, 78, 79, 81, 76, 74, 72], [71, 69, 71, 72, 74, 72, 71, 69]]
[[71, 71, 71, 69, 71, 72, 74, 76, 74, 72, 71, 72, 71], [69, 67, 69, 67, 67, 69, 71, 71, 69, 67], [69, 67, 66, 67, 67, 74, 76], [74, 76, 78, 76, 74, 73, 71, 64, 71, 72], [71, 69, 67, 69, 71, 72, 71, 69, 68, 70], [71, 72, 71, 71, 69, 67]]
[[71, 74, 72, 71, 72, 74, 71, 69, 67, 66, 67], [69, 69, 67, 74, 76, 76, 74, 72], [71, 69, 67, 67, 67, 67, 69], [71, 69, 67, 66, 64, 69, 71, 69, 67, 66, 64, 66, 67], [66, 67, 69, 71, 71, 67, 71], [71, 71, 69, 65, 67, 64, 60]]
[[71, 76, 76, 78, 79, 81, 81, 79, 78, 76, 76, 74, 72], [71, 69, 67, 66, 64, 71, 69, 67, 72], [71, 69, 69, 67, 67, 67, 72, 71], [65, 67, 69, 69, 68, 69, 76, 76, 74], [76, 74, 72, 71, 69, 67, 69, 67, 64], [64, 69, 71, 72, 74, 69, 71, 69, 67, 66, 64]]
[[69, 69, 71, 71, 76, 76, 71, 72], [72, 71, 69, 67, 69, 67, 69, 71, 72], [67, 72, 71, 69, 71, 71, 71, 72, 74, 74, 72, 71], [69, 71, 73, 74, 74, 73, 71, 71, 69], [71, 76, 78, 76, 74, 73, 71, 76, 76], [71, 76, 78, 79, 78, 76, 74]]
[[69, 74, 71, 69, 71, 73, 71, 74, 76], [76, 74, 76, 69, 71, 72, 67, 71, 72, 74], [67, 66, 67, 69, 71, 71, 74, 71, 72, 71], [69, 71, 69, 67, 69, 67, 66, 67], [71, 69, 72, 71, 69, 67, 78, 76, 74, 73, 74], [76, 74, 71, 71, 72, 71]]
[[71, 71, 71, 71, 66, 67, 69, 71, 69, 67], [66, 67, 69, 71, 76, 76, 71], [71, 69, 69, 71, 71, 71, 72, 74, 74], [72, 71, 69, 71, 69, 67, 64, 64, 66, 67], [69, 71, 67, 66, 67, 69, 67, 69, 71, 71, 72, 69, 69], [69, 71, 71, 73, 74, 73, 71]]
[[71, 72, 74, 71, 72, 71, 69, 69, 71, 71], [69, 69, 69, 67, 74, 74, 72, 71], [71, 72, 74, 72, 71, 74, 74, 66, 67], [66, 69, 71, 67, 71, 73, 74], [76, 76, 74, 72, 71, 69, 67, 76, 74, 72, 69, 76, 71, 73], [74, 67, 76, 74, 81, 79, 78, 76, 76]]
[[67, 69, 71, 72, 71, 76, 76, 71], [69, 71, 72, 71, 72, 71, 71, 72, 74, 72], [71, 69, 71, 72, 71, 69, 69, 71, 69, 71, 69], [67, 66, 64, 71, 71, 76, 76], [76, 71, 72, 71, 69, 67, 66], [67, 69, 66, 67, 69, 67, 64]]
[[71, 71, 67, 69, 71, 73, 74, 73, 71, 72, 71, 76, 74, 76, 74], [72, 71, 69, 71, 72, 71, 69, 71, 72, 71, 69], [71, 69, 67, 67, 67, 71, 67, 66], [67, 69, 71, 72, 69, 69, 69, 71], [69, 71, 67, 64, 64, 67, 69, 71], [67, 71, 71, 69, 71, 69, 67, 66]]
[[69, 69, 69, 71, 67, 81, 79, 79, 78, 76, 74], [72, 71, 69, 71, 71, 67, 72, 71, 69], [69, 71, 71, 71, 76, 74, 72, 71, 72, 71], [69, 67, 66, 67, 69, 71, 71, 69], [72, 74, 76, 78, 79, 81, 76, 78, 78, 75, 73, 74], [76, 76, 71, 73, 74, 73, 71, 69, 68]]
[[71, 71, 74, 71, 72, 74, 67, 69, 71, 71], [69, 69, 71, 81, 79, 74], [71, 67, 69, 69, 69, 71, 71, 71, 71], [69, 67, 66, 72, 71, 69, 69, 65], [67, 66, 64, 67, 66, 66, 67, 69, 71, 72, 71, 69], [67, 67, 69, 68, 69, 71, 72, 74, 72, 71, 70, 68]]
[[71, 76, 76, 78, 79, 78, 76, 74, 72, 71, 69, 67], [74, 72, 74, 69, 71, 73, 74, 76, 77], [76, 78, 74, 76, 74, 71, 71, 67, 67, 69], [71, 71, 69, 69, 69, 73, 74], [76, 78, 74, 74, 76, 72, 71, 69], [67, 69, 74, 76, 78, 76]]
[[74, 69, 71, 72, 71, 69, 67, 69, 74], [72, 71, 79, 81, 79, 78, 76, 74], [72, 74, 76, 74, 72, 71, 71, 76, 74, 72], [71, 74, 69, 71, 72, 74, 72, 71, 71], [69, 71, 69, 67, 66, 67, 66, 67, 69, 69, 71, 71], [69, 67, 67, 67, 67, 69, 71, 67]]
[[69, 69, 71, 71, 69, 69, 71, 71], [67, 66, 67, 67, 71, 72, 74, 72, 71, 73], [74, 72, 71, 69, 71, 67, 67, 71, 72, 74, 76, 74], [72, 71, 69, 71, 73, 71, 69, 70, 76, 76], [76, 76, 76, 77, 76, 74, 71, 72, 71, 71, 69], [69, 69, 67, 69, 71, 71, 66]]
[[71, 71, 66, 67, 69, 74, 72, 71, 72, 74, 72, 71], [69, 71, 69, 67, 67, 72, 72, 67, 69, 71], [71, 71, 69, 67, 67, 67, 72, 71, 69], [67, 66, 67, 69, 69, 72], [71, 69, 67, 69, 72, 71, 69, 67, 69], [71, 71, 74, 71, 67, 69, 71]]
[[71, 76, 78, 79, 79, 78, 76, 74, 72, 71, 69], [71, 71, 74, 71, 69, 74], [74, 72, 71, 69, 71, 72, 72, 67, 66, 67], [69, 71, 72, 74, 76, 69, 71, 69, 71], [69, 74, 76, 76, 76, 67, 66, 71], [67, 69, 71, 72, 71, 69, 67, 69, 64, 67, 66, 64, 67]]
[[79, 79, 78, 76, 76, 78, 76, 74, 76, 74, 72, 71, 69, 71], [72, 71, 67, 72, 71, 69, 67], [71, 69, 67, 66, 71, 71, 71, 69, 69, 71, 69], [67, 69, 71, 72, 74, 76, 69, 76], [76, 78, 79, 78, 79, 81, 81, 79, 78, 76, 74, 76], [69, 69, 69, 69, 71, 69, 71, 69, 67, 67]]
[[71, 74, 74, 74, 72, 74, 76, 74, 71, 77, 79], [78, 76, 75, 76, 79, 81, 71, 71, 73, 74], [76, 71, 74, 72, 71, 71, 71, 71, 76], [69, 74, 76, 74, 72, 71, 71, 69, 69, 71, 72, 74], [76, 74, 71, 72, 74, 72, 71, 69, 67, 69, 71, 72], [71, 69, 69, 71, 72, 66, 74, 67, 67, 69, 71, 68]]
[[76, 71, 76, 78, 79, 78, 76, 74, 72, 71, 69, 69, 67], [69, 67, 66, 67, 67, 67, 67, 69, 71, 72], [74, 73, 71, 71, 71, 67, 67, 69, 74, 71], [76, 74, 72, 71, 72, 72, 71, 67, 71, 71], [69, 71, 67, 64, 62, 67, 69, 67, 66], [67, 64, 64, 66, 67, 69, 68]]
[[67, 67, 67, 67, 69, 71, 71, 69, 67], [69, 68, 66, 67, 66, 67, 67, 64, 66, 67], [69, 71, 72, 74, 74, 76, 81, 79], [79, 78, 76, 67, 66, 67, 76, 74], [72, 74, 76, 78, 76, 74, 72, 74, 72, 71, 72, 74, 76, 74, 72, 71, 72], [71, 69, 71, 71, 66, 69, 67, 67]]
[[76, 76, 78, 79, 79, 74, 73, 71, 69, 71, 73, 74], [76, 74, 73, 74, 74, 73, 71, 69, 71, 72, 71], [71, 69, 69, 67, 67, 72, 71], [69, 69, 67, 66, 67, 64, 66, 67, 69], [71, 72, 74, 76, 76, 74, 72, 71, 69, 79, 78], [76, 67, 71, 72, 74, 73, 71]]
[[71, 71, 72, 74, 71, 69, 67, 67, 66], [66, 69, 67, 79, 79, 78, 76, 74], [76, 78, 79, 79, 76, 71, 67, 74], [76, 74, 72, 71, 67, 72, 74, 72, 71, 71, 72], [74, 72, 71, 69, 71, 69, 67, 66, 67, 69, 67], [69, 71, 71, 73, 74, 76, 76, 74, 73]]
[[69, 71, 71, 72, 74, 76, 78, 76, 74, 72, 69, 71], [72, 71, 69, 67, 69, 67, 74, 73, 71, 71], [71, 71, 70, 70, 66, 67, 69], [71, 71, 72, 74, 71, 67, 67], [69, 71, 71, 73, 74, 71, 76, 77, 76, 76], [74, 67, 79, 78, 79, 77, 76, 74]]
[[67, 67, 67, 66, 67, 69, 62, 67], [69, 67, 67, 69, 71, 69, 67], [69, 67, 66, 64, 64, 67, 67, 71], [72, 66, 74, 71, 74, 76], [76, 69, 71, 72, 74, 76, 74, 73, 71, 69, 71, 72, 74, 76], [67, 67, 69, 69, 71, 71, 69]]
[[67, 69, 71, 71, 67, 69, 67, 65, 64], [62, 64, 66, 67, 67, 69, 71, 71, 73], [73, 74, 74, 73, 73, 71, 74, 72, 71], [69, 71, 71, 76, 76, 69, 76, 76], [74, 76, 74, 72, 71, 72, 71, 72, 74, 72, 71, 72, 71], [69, 69, 71, 73, 74, 73, 71]]
[[74, 71, 72, 74, 71, 69, 67, 66, 67], [69, 67, 66, 71, 74, 79, 81, 79, 77], [76, 74, 76, 76, 76, 79, 72, 74, 74, 72], [71, 69, 71, 72, 71, 69, 67, 67, 67, 74], [74, 62, 64, 66, 67, 69, 69, 71, 71, 69, 67], [69, 79, 76, 78, 76, 74, 71]]
[[71, 69, 71, 71, 69, 71, 72, 71, 69, 67, 66], [64, 66, 67, 67, 66, 74, 76, 74, 76, 78, 76], [74, 72, 71, 72, 74, 72, 71, 69, 69, 71, 72], [69, 71, 72, 74, 76, 74, 74, 71, 73], [74, 76, 78, 79, 78, 76, 78, 76, 74, 73, 71], [71, 71, 71, 67, 67, 66, 67]]
[[76, 76, 78, 79, 78, 76, 74, 72], [71, 69, 67, 74, 71, 72, 74, 76, 78], [79, 74, 79, 74, 78, 76, 76, 76, 67, 74, 76], [76, 74, 81, 76, 74, 67, 71, 69], [69, 71, 71, 72, 74, 72, 72, 71, 69], [67, 67, 69, 71, 69, 67, 66, 64, 62, 61]]
[[71, 71, 71, 69, 66, 71, 71, 67], [69, 69, 71, 69, 72, 71], [69, 71, 71, 71, 79, 79, 76], [76, 72, 71, 69, 71, 66, 67], [69, 67, 69, 71, 69, 67, 66, 67, 72, 71, 72, 74, 72, 71, 69, 68, 69], [69, 69, 71, 69, 67, 64, 62]]
[[67, 76, 78, 76, 74, 76, 74, 72, 71, 72, 74], [72, 71, 69, 71, 78, 76, 74, 73, 71, 72, 74], [76, 71, 72, 67, 67, 71, 71, 71], [71, 71, 71, 69, 71, 71, 76], [67, 66, 67, 69, 71, 72, 74, 76, 78, 76, 74, 72], [71, 78, 78, 76, 74, 73]]
[[69, 74, 71, 67, 69, 71, 72, 71, 69, 68, 69], [68, 70, 71, 67, 72, 71, 76, 74, 72, 74], [76, 74, 72, 71, 69, 67, 67, 67, 69, 71, 72], [74, 67, 69, 67, 69, 74], [69, 69, 71, 72, 74, 72, 71, 71, 69, 71], [69, 69, 69, 74, 76, 72, 74, 76, 74]]
[[71, 69, 71, 72, 71, 69, 66, 64, 62, 67, 69], [71, 69, 71, 67, 71, 69, 71, 72, 71, 69, 67, 65], [64, 66, 67, 65, 64, 62, 62, 69, 71, 72], [67, 72, 71, 69, 69, 71, 74, 74], [71, 69, 71, 67, 69, 71, 72, 74, 67], [65, 62, 64, 69, 67, 66]]
[[69, 71, 72, 74, 71, 76, 69, 71, 72, 72], [71, 69, 71, 71, 71, 69, 69], [70, 71, 71, 71, 71, 71, 69], [67, 66, 67, 69, 69, 69, 69, 69, 71], [69, 67, 66, 67, 69, 71, 72, 71, 69, 67, 67], [67, 71, 71, 69, 69, 67, 66, 68, 70]]
[[71, 71, 72, 78, 79, 78, 76, 74, 72, 71], [69, 67, 69, 71, 71, 76, 76, 76, 74], [72, 71, 69, 67, 67, 67, 72, 71, 69, 71, 72], [71, 69, 71, 67, 69, 71, 69, 71, 72, 74], [76, 78, 71, 72, 69, 71, 72, 74], [74, 76, 79, 78, 76, 74, 74, 72, 71]]
[[74, 74, 74, 71, 69, 69, 67, 66], [64, 65, 67, 67, 69, 71, 69, 71, 71], [69, 67, 66, 66, 67, 69, 71], [71, 79, 72, 71, 69, 71, 72, 71, 73], [71, 69, 67, 69, 71, 69], [67, 69, 74, 69, 69, 67]]
[[69, 69, 66, 69, 67, 66, 67, 67], [69, 67, 67, 71, 76, 76, 74, 72, 71, 72], [74, 74, 67, 67, 72, 71, 69], [67, 67, 69, 69, 71, 67, 76, 78, 76], [74, 73, 71, 74, 74, 72, 71, 78, 76, 74], [69, 79, 78, 79, 77, 76]]
[[71, 71, 71, 76, 74, 72, 71, 69, 67, 66], [67, 69, 67, 71, 72, 74, 72], [71, 69, 67, 67, 67, 69, 71, 72], [79, 79, 78, 76, 74, 69, 71, 72], [71, 69, 71, 72, 71, 69, 68, 69, 71, 72, 74, 71], [69, 74, 71, 67, 73, 74, 76]]
[[67, 67, 67, 67, 69, 71, 72, 71], [69, 67, 67, 67, 67, 69, 71], [71, 72, 74, 76, 74, 74, 74, 69, 71, 72], [71, 69, 71, 72, 71, 71, 69, 78, 76, 74], [72, 71, 66, 67, 69, 67, 67, 66, 64, 62, 64], [62, 69, 67, 66, 67, 64]]
[[71, 69, 67, 66, 71, 73, 74, 76, 78, 76], [74, 74, 71, 72, 74, 71, 71, 69, 67, 69], [69, 71, 71, 69, 71, 67, 69, 71], [71, 72, 71, 71, 70, 71, 71, 67], [69, 71, 72, 74, 76, 78, 79, 76, 78, 76, 74], [74, 64, 65, 67, 64, 64, 64]]
[[74, 76, 74, 72, 74, 76, 74, 72, 71, 72, 71, 69, 71, 72, 74], [72, 71, 69, 67, 76, 76, 79, 74], [72, 71, 69, 71, 72, 71, 69, 67, 67, 71, 71, 76], [78, 79, 78, 76, 74, 79, 79], [78, 76, 74, 71, 79, 78, 76, 74, 71, 71, 71, 69, 71, 74], [72, 74, 74, 76, 72, 71]]
[[71, 67, 69, 67, 69, 64, 69, 67], [72, 71, 69, 67, 66, 74, 71, 71, 67], [67, 64, 63, 76, 78, 79, 79], [78, 76, 74, 72, 71, 69, 71, 69, 69], [69, 69, 69, 69, 71, 72, 71, 71, 69], [67, 76, 76, 78, 79, 78, 76, 78, 76, 74, 72, 71]]
[[69, 66, 67, 66, 64, 66, 67, 69, 71], [72, 71, 71, 71, 79, 78, 76, 78, 76], [74, 76, 74, 72, 71, 71, 71, 67, 67, 69], [67, 69, 71, 76, 72, 71, 69, 73, 69], [71, 69, 67, 66, 71, 64, 65, 67], [67, 71, 71, 69, 71, 72, 71, 69]]
[[71, 67, 71, 71, 69, 67, 69, 64, 66], [67, 71, 74, 74, 73, 71, 73, 74], [73, 71, 73, 71, 70, 71, 71, 78, 79, 78], [76, 76, 78, 69, 69], [69, 67, 67, 66, 67, 69], [67, 67, 72, 71, 69, 67, 65, 71, 69, 67, 66, 64]]
[[79, 78, 79, 79, 78, 76, 78, 76, 67, 69], [71, 69, 69, 71, 69, 71], [73, 73, 71, 71, 71, 71, 72], [71, 76, 74, 72, 71, 71, 76], [76, 74, 72, 74, 76, 74, 72, 71, 69, 67, 66, 64, 66], [67, 71, 69, 67, 66, 67, 69, 71, 72, 71, 69, 67]]
[[71, 71, 72, 74, 72, 71, 69, 69, 67, 69, 71, 69], [71, 73, 71, 71, 76, 76, 74, 76, 74], [73, 71, 69, 67, 67, 74, 76, 78], [79, 78, 76, 74, 73, 71, 69, 74, 71, 72, 74], [76, 78, 79, 78, 76, 74, 76, 78, 79, 67, 66], [64, 76, 76, 71, 72, 74, 72, 71, 72, 71, 69, 67]]
[[67, 67, 67, 67, 69, 71, 71, 71, 72], [71, 69, 69, 71, 69, 67, 69], [71, 70, 71, 71, 67, 69, 71, 72], [74, 73, 71, 73, 73, 71, 71, 72], [72, 71, 69, 71, 71, 72, 66, 75], [71, 76, 79, 78, 76, 74, 72, 71, 72, 71, 70]]
[[69, 71, 72, 71, 69, 67, 66, 67, 69, 71, 69, 67, 72, 71], [69, 71, 73, 74, 76, 78, 76], [74, 72, 71, 71, 69, 69, 69, 74, 74, 76], [78, 79, 78, 76, 76, 74, 74, 69, 74, 76], [78, 79, 78, 76, 78, 76, 74, 76, 81, 76, 76, 74], [71, 67, 67, 67, 69, 71, 69]]
[[76, 74, 72, 71, 69, 74, 76, 78], [74, 76, 78, 76, 74, 74, 71, 69, 71, 72, 74, 72], [71, 69, 71, 69, 67, 67, 67, 67, 66, 67, 69], [67, 66, 64, 66, 67, 69, 67, 69, 71, 67, 69, 71, 72], [74, 74, 69, 69, 71, 69, 67, 69], [67, 67, 67, 66, 67, 69, 64]]
[[71, 71, 69, 67, 66, 67, 69, 69], [71, 70, 71, 71, 69, 67, 66, 67], [67, 66, 64, 64, 67, 67, 72], [74, 73, 71, 69, 71, 69, 71, 71], [69, 71, 69, 67, 66, 64, 62, 67, 67, 72, 74], [72, 74, 74, 72, 71, 67]]
[[76, 71, 71, 69, 67, 66, 67, 64, 66, 69, 71, 69, 67, 66], [67, 66, 64, 64, 67, 69, 71, 64, 69], [69, 67, 66, 64, 62, 69, 71, 71, 67, 69, 71], [69, 71, 71, 69, 70, 69, 71, 67], [66, 67, 69, 71, 69, 69, 67, 66, 67, 66], [64, 71, 72, 69, 65]]
[[67, 69, 71, 71, 71, 72, 74, 74, 72, 74, 76], [78, 76, 76, 76, 78, 79, 78], [78, 76, 71, 73, 74, 67, 74, 69, 76], [76, 75, 76, 76, 78, 76, 74, 67, 66], [67, 67, 71, 72, 71, 69, 71, 69], [67, 67, 73, 75, 76, 78, 79]]
[[76, 78, 76, 74, 76, 78, 79, 78, 76, 69, 67], [67, 69, 69, 71, 69, 71, 72, 74, 72, 71], [72, 71, 69, 67, 66, 67, 74, 72, 71], [69, 64, 66, 67, 66, 64, 62, 74, 71], [67, 69, 69, 71, 72, 71, 69, 67, 69, 71, 72, 71, 72], [71, 71, 71, 71, 66, 68, 66]]
[[76, 76, 78, 79, 79, 79, 78, 76, 74], [72, 69, 71, 72, 71, 72, 74, 71, 67], [66, 67, 69, 71, 71, 74, 72, 71, 72, 74], [72, 71, 69, 71, 72, 74, 76, 69, 69, 69], [71, 72, 71, 69, 71, 72, 74, 72, 72, 71, 69], [67, 67, 71, 69, 71, 72, 74, 71, 67]]
[[79, 78, 78, 76, 76, 74, 72, 71, 69], [71, 64, 69, 76, 76, 78], [76, 74, 72, 71, 71, 74, 71, 76], [78, 76, 74, 72, 71, 72, 74, 72, 76, 78, 79], [78, 76, 74, 76, 78, 79, 79, 78, 79, 74, 72, 71, 72, 71, 72, 71], [69, 69, 62, 64, 66, 67]]
[[79, 79, 78, 76, 75, 76, 76, 69], [71, 69, 71, 71, 69, 71, 69, 67], [66, 67, 69, 71, 69, 69, 69, 69, 71], [72, 71, 74, 69, 69, 67, 67, 71, 69], [71, 76, 74, 72, 71, 69, 67, 69, 71, 71], [69, 71, 69, 72, 67, 64, 66, 67]]
[[71, 69, 69, 67, 72, 74, 76, 74, 72, 71, 69, 67, 66, 64], [72, 71, 69, 67, 67, 67, 64, 66, 64], [62, 64, 66, 67, 70, 71, 71, 67, 67, 67], [69, 71, 72, 71, 69, 69, 69, 71, 69, 67], [66, 67, 69, 67, 64, 66, 66, 71], [71, 64, 66, 67, 69, 69, 71, 69, 67]]
[[71, 72, 74, 76, 78, 79, 78, 76, 74, 73, 71, 72], [69, 67, 67, 79, 79, 79, 81, 67, 79], [79, 78, 76, 74, 76, 74, 73, 71, 71, 67, 76, 74, 72], [71, 72, 74, 76, 72, 71, 69, 67, 67, 67, 67], [66, 64, 66, 67, 69, 71, 71, 72], [67, 74, 72, 71, 69, 67, 65, 67, 69, 67]]
[[69, 69, 64, 65, 67, 69, 71, 71, 69], [67, 66, 71, 71, 73, 74, 76, 78, 79], [81, 79, 78, 76, 74, 76, 78, 78, 79, 78], [76, 81, 74, 76, 77, 76, 74, 67, 67, 67], [66, 64, 66, 67, 69, 71, 67, 67, 72], [72, 71, 71, 71, 71, 69, 71, 69, 67]]
[[69, 69, 71, 72, 74, 72, 71, 67, 69], [69, 71, 73, 71, 76, 71, 72, 74, 72], [71, 69, 69, 69, 71, 73, 74, 71, 79], [78, 76, 78, 78, 76, 74, 73, 74, 69, 74, 72, 71, 69], [67, 66, 67, 72, 71, 69, 67, 69, 74, 69], [71, 71, 72, 75, 76, 74, 72, 71]]
[[71, 72, 74, 69, 71, 74, 72, 71, 69, 67], [69, 67, 67, 71, 71, 71, 71], [64, 66, 67, 69, 67, 67, 67, 71, 69, 67], [65, 64, 62, 64, 66, 67, 67, 67, 71], [71, 71, 67, 69, 71, 72, 69, 67, 69, 71], [69, 76, 78, 79, 78, 79, 78, 76]]
[[76, 76, 78, 79, 81, 76, 78, 79, 71, 71], [76, 78, 76, 74, 76, 69, 71, 74, 76, 78, 76, 74, 76, 78], [76, 74, 76, 74, 72, 71, 71, 71, 69, 67, 66], [67, 69, 71, 72, 74, 72, 71, 69, 69, 71, 72], [74, 74, 72, 71, 69, 67, 69, 71, 72, 71], [71, 64, 67, 69, 71, 72, 75, 76, 78, 76]]
[[76, 72, 74, 72, 71, 69, 67, 66, 71, 69], [67, 66, 64, 66, 72, 71, 69, 71, 72], [69, 71, 72, 74, 69, 69, 71, 69], [71, 72, 74, 74, 71, 72, 71, 71, 69, 67, 74, 76, 78], [79, 79, 71, 71, 72, 66, 71, 71, 71], [69, 67, 67, 64, 64, 66, 67]]
[[74, 71, 72, 74, 71, 72, 72, 71], [69, 69, 71, 72, 68, 69, 71, 71, 72], [71, 69, 71, 67, 67, 67, 67], [67, 67, 65, 67, 67, 69, 74, 74], [74, 72, 71, 72, 71, 69, 67, 69, 76, 76, 76, 78, 76, 74, 72], [66, 77, 76, 74, 72, 71]]
[[71, 74, 72, 72, 71, 71, 69, 67], [66, 67, 69, 67, 67, 67, 64, 62], [62, 64, 66, 67, 64, 69, 69, 67, 69, 71], [72, 74, 76, 74, 72, 71, 71, 69], [74, 76, 74, 72, 71, 69, 67, 69, 71, 72, 74, 72, 71], [69, 74, 76, 78, 79, 78, 76, 75]]
[[71, 67, 69, 71, 72, 71, 69, 69], [67, 67, 69, 71, 69, 67, 67, 66], [67, 69, 71, 69, 71, 69, 69, 71, 67, 69, 71, 72], [74, 72, 71, 69, 67, 69, 71, 71, 71, 71], [71, 69, 67, 66, 64, 65, 65, 64, 62], [66, 66, 69, 69, 76, 74, 72, 71]]
[[71, 69, 67, 66, 66, 67, 69, 71, 71, 69, 67], [69, 71, 69, 71, 71, 67, 69, 72], [71, 69, 71, 73, 74, 71, 67, 72, 71, 69], [72, 71, 71, 69, 67, 71, 71], [64, 74, 71, 72, 71, 69, 67, 66, 67, 67], [67, 69, 67, 66, 67, 66, 64]]
[[69, 71, 69, 67, 69, 67, 66, 67, 69, 69], [67, 69, 71, 71, 71, 76, 74, 72, 71], [72, 71, 71, 69, 71, 67, 71, 71, 71, 73, 74], [76, 74, 73, 72, 71, 69, 69, 71, 72, 74], [72, 71, 72, 71, 69, 67, 69, 71, 69, 71, 72, 71, 70], [71, 71, 64, 67, 67, 66, 64]]
[[74, 74, 74, 73, 71, 71, 76, 74, 73, 71], [72, 74, 76, 71, 76, 74, 76, 71], [67, 66, 67, 67, 76, 74, 69, 71], [72, 71, 69, 67, 66, 69, 71, 71, 69, 71], [69, 69, 67, 74, 74, 74, 72, 71, 69], [71, 71, 71, 72, 70, 71, 71, 67]]
[[67, 67, 69, 71, 72, 74, 76, 78, 81, 79], [74, 72, 71, 76, 78, 79, 79, 76], [76, 74, 72, 71, 72, 71, 69, 74], [72, 71, 69, 67, 67, 71, 69, 67], [66, 67, 72, 74, 76, 74, 72, 71, 71, 72, 71, 69, 67], [67, 74, 76, 71, 72, 74, 76]]
[[69, 69, 67, 69, 71, 72, 69, 69, 71, 72, 71], [71, 69, 69, 76, 71, 69, 71, 72, 71], [69, 71, 72, 71, 69, 69, 67, 67, 62, 67, 69], [71, 72, 74, 71, 67, 69, 69, 79], [79, 74, 76, 74, 72, 74, 72, 71, 69, 67, 66, 67, 64, 66], [67, 72, 72, 74, 71]]
[[76, 66, 71, 69, 71, 66, 67, 67], [64, 64, 67, 74, 74, 72, 71, 71], [71, 73, 74, 71, 71, 72, 71, 69, 67, 66, 67], [69, 71, 74, 76, 74, 73, 71, 66, 71, 64, 66, 67, 69], [71, 71, 69, 71, 72, 74, 72, 71, 69, 67, 66], [64, 67, 67, 67, 69, 67, 67]]
[[71, 69, 67, 74, 72, 71, 69, 71, 72, 71], [69, 69, 71, 71, 69, 67, 66], [67, 66, 64, 66, 67, 69, 69, 71, 71, 69], [71, 69, 67, 69, 71, 73, 69, 68, 66, 66, 71, 72, 74, 72], [69, 71, 76, 79, 79, 76, 74, 76, 74, 76, 71, 69, 67], [66, 69, 71, 67, 66, 64]]
[[69, 67, 66, 67, 69, 69, 69, 69], [71, 70, 71, 71, 71, 69, 71, 69, 67], [69, 71, 72, 74, 72, 71, 71, 69, 69, 71, 72], [71, 71, 69, 71, 71, 76, 74, 76, 78], [79, 81, 79, 76, 71, 72, 74, 72, 71], [69, 67, 67, 67, 69, 71, 72, 74, 72, 71, 69, 68]]
[[74, 67, 67, 64, 66, 67, 69, 71, 72, 71], [72, 74, 71, 69, 71, 69, 67, 66, 71], [71, 72, 74, 76, 79, 79, 74, 67, 74], [71, 69, 67, 66, 64, 71, 69], [67, 69, 71, 72, 71, 69, 67, 66], [67, 69, 69, 67, 66, 64, 62]]
[[64, 69, 69, 71, 76, 78, 79, 81, 76, 78], [74, 76, 76, 69, 71, 72, 74, 72, 71], [69, 67, 66, 71, 69, 69, 69, 71, 73], [74, 72, 71, 69, 67, 71, 71, 72], [74, 76, 74, 72, 71, 73, 74, 76, 76], [74, 76, 74, 72, 71, 69, 67, 66, 64]]
[[71, 71, 76, 78, 79, 79, 79, 81, 79], [78, 76, 74, 76, 78, 79, 79, 79, 62, 64], [66, 67, 66, 64, 64, 67, 71, 67], [67, 67, 69, 67, 69, 69, 69], [71, 71, 76, 76, 78, 79, 78, 76, 74, 72], [71, 74, 72, 71, 69, 67, 69, 64]]
[[71, 72, 74, 74, 74, 76, 76, 69, 74], [76, 72, 74, 76, 78, 79, 78], [76, 78, 76, 71, 71, 71, 71, 69], [67, 69, 71, 72, 71, 69, 67, 66, 69, 69, 69], [69, 69, 67, 69, 71, 72, 74, 72, 71, 72], [69, 71, 72, 74, 74, 74, 71, 64]]
[[74, 81, 79, 79, 79, 78, 76, 78, 79, 79, 78, 76, 74], [72, 71, 69, 71, 72, 76, 76, 74, 72, 71, 69], [71, 67, 69, 71, 71, 69, 71, 69, 67], [66, 64, 66, 67, 69, 71, 67, 67, 69], [71, 71, 64, 69, 71, 73, 74, 76, 76], [74, 74, 69, 71, 72, 71, 69, 67]]
[[69, 71, 71, 69, 71, 71, 69, 64, 66, 67], [66, 64, 79, 78, 76, 78, 79, 78, 76], [74, 76, 76, 74, 72, 71, 71, 71, 69, 71, 69], [69, 71, 72, 72, 71, 67, 67, 72, 71], [69, 71, 73, 74, 76, 78, 76, 74, 72], [71, 67, 67, 67, 72, 71, 72, 71, 69, 67]]
[[79, 76, 76, 71, 72, 71, 69, 67, 69, 71], [72, 74, 71, 69, 69, 69, 67], [69, 71, 69, 67, 69, 67, 69, 71, 72, 74], [76, 74, 72, 71, 72, 67, 71, 67], [67, 67, 69, 71, 72, 74, 76, 74, 72, 71], [69, 71, 69, 67, 69, 71, 73, 71]]
[[67, 71, 69, 71, 67, 67, 69, 65], [67, 66, 64, 67, 67, 67, 67], [66, 67, 66, 64, 64, 71, 69, 67], [67, 66, 67, 69, 67, 66, 67, 69, 71, 71, 69, 71, 72], [71, 69, 67, 65, 64, 62, 64, 70, 69, 71, 71], [67, 69, 69, 71, 72, 69, 71, 72, 71, 69]]
[[71, 71, 72, 74, 69, 71, 69, 67, 64, 64], [74, 72, 74, 79, 78, 76, 78], [81, 79, 78, 79, 67, 74, 74, 72, 71], [72, 71, 69, 67, 66, 67, 69, 69, 73, 74], [76, 76, 78, 79, 76, 72, 69, 69], [71, 65, 67, 69, 71, 67]]
[[69, 71, 69, 67, 66, 64, 66], [67, 67, 66, 78, 76, 74, 72], [74, 71, 71, 67, 67, 69, 71], [72, 71, 69, 64, 62, 69, 69, 71], [69, 69, 67, 67, 67, 67, 66, 67, 69], [71, 74, 79, 79, 78, 76, 74, 73]]
[[76, 76, 74, 73, 71, 72, 74, 74, 72, 71], [69, 67, 66, 67, 69, 71], [71, 69, 67, 69, 71, 71, 74, 76, 78, 79], [79, 78, 76, 74, 76, 71, 67, 69, 71, 71], [76, 76, 74, 72, 71, 69, 69, 67, 71, 69], [67, 74, 74, 76, 78, 79, 78]]
[[71, 71, 71, 73, 74, 76, 78, 79, 79], [78, 76, 74, 69, 71, 72, 74, 72, 71, 67], [69, 71, 72, 71, 69, 69, 76, 73, 71, 69], [76, 78, 79, 79, 78, 74, 74, 69, 71], [72, 71, 69, 76, 74, 72, 71, 69, 67, 69, 71, 72, 71], [71, 71, 76, 76, 76, 71]]
[[71, 71, 69, 67, 66, 67, 69, 71, 72], [71, 69, 71, 74, 71, 72], [71, 69, 69, 67, 67, 72, 74, 76, 71], [69, 71, 67, 66, 72, 69, 71, 74, 76], [69, 69, 71, 73, 74, 76, 78, 76], [75, 74, 76, 69, 71, 69, 67]]
[[71, 72, 71, 69, 71, 72, 67, 66, 67, 69, 71, 69], [69, 71, 73, 74, 74, 71, 71, 69, 67, 69], [65, 67, 69, 67, 67, 67, 67, 66, 67, 66, 67], [65, 66, 64, 64, 64, 74, 72], [71, 71, 69, 67, 66, 64, 66, 67, 69, 71, 71, 69], [67, 74, 76, 76, 74]]
[[69, 69, 79, 76, 78, 76, 74, 76, 77, 79], [67, 66, 64, 64, 69, 71, 69, 71, 69], [67, 67, 69, 71, 73, 71, 70, 71, 71, 71, 69], [67, 66, 64, 66, 67, 66, 71, 71, 74], [79, 76, 78, 76, 78, 76, 74, 72, 71, 69], [71, 71, 67, 69, 67, 66, 67]]
[[71, 69, 71, 72, 74, 69, 71, 76, 71, 72], [69, 67, 69, 71, 72, 71, 69, 67, 79], [81, 74, 79, 78, 76, 76, 71, 74, 76, 72, 74, 76], [74, 72, 71, 69, 71, 72, 71, 72, 71, 69, 69, 71], [76, 74, 72, 71, 71, 69, 71, 67, 69], [67, 79, 78, 76, 74, 72, 71, 69, 67]]
[[67, 71, 71, 67, 74, 76, 78, 76, 74], [72, 71, 69, 71, 71, 69, 71, 72, 74, 71, 69, 67], [69, 71, 76, 76, 71, 71, 71, 69], [69, 67, 66, 67, 69, 71, 72, 69], [67, 67, 67, 67, 71, 72, 71, 69, 67], [67, 71, 69, 69, 71, 71, 69]]
[[71, 71, 69, 71, 72, 71, 69, 67, 66, 67, 69, 71], [72, 71, 69, 74, 74, 76, 78], [76, 74, 74, 74, 74, 67, 74], [76, 76, 71, 72, 69, 72, 76], [71, 69, 67, 67, 67, 67, 67], [67, 67, 67, 67, 66, 64, 62]]
[[71, 70, 71, 73, 74, 76, 76, 74, 76, 78, 76, 74, 74, 72], [70, 72, 69, 71, 71, 69, 67, 66], [67, 64, 66, 67, 66, 66, 67, 67, 67], [69, 69, 69, 71, 72, 71, 69, 65, 67], [69, 71, 72, 71, 69, 69, 71, 72, 74, 76, 74, 72, 71], [72, 69, 69, 69, 69, 67, 67]]
[[71, 76, 76, 75, 76, 69, 74, 76, 77], [79, 74, 71, 71, 71, 72, 69], [71, 72, 71, 71, 69, 67, 67, 69], [71, 72, 69, 69, 69, 69, 67, 66], [67, 66, 67, 67, 67, 67, 64, 66, 67, 79, 64], [62, 62, 69, 71, 69, 67, 64]]
[[71, 71, 71, 69, 71, 71, 67, 64, 66], [67, 65, 64, 71, 69, 67, 69, 71, 72], [74, 76, 76, 76, 75, 75, 76, 72, 71, 72, 74], [72, 71, 69, 71, 72, 71, 69, 71, 71, 66], [64, 66, 67, 69, 71, 72, 74, 76, 79, 78, 76, 72], [71, 67, 67, 66, 72, 71, 69, 67, 66, 66]]
[[71, 71, 72, 71, 69, 71, 69, 67, 69, 71, 69, 67], [65, 67, 64, 71, 72, 74, 76], [78, 76, 74, 71, 72, 72, 71, 72, 71], [69, 67, 70, 71, 71, 71, 71, 72], [71, 74, 69, 71, 72, 74, 76, 74, 72, 71], [74, 79, 74, 79, 78, 76, 78]]
[[76, 76, 74, 73, 74, 71, 76, 74, 72], [71, 69, 67, 71, 69, 62, 67], [69, 71, 64, 64, 74, 76, 78, 79], [79, 74, 69, 67, 69, 71, 74, 74], [76, 76, 76, 78, 79, 74, 72, 71, 69], [71, 71, 71, 71, 69, 71, 70, 71]]
[[69, 71, 72, 71, 72, 71, 69, 71], [69, 67, 66, 72, 71, 69], [67, 67, 69, 69, 69, 69, 71, 72, 71], [69, 67, 66, 67, 67, 69, 71], [73, 71, 69, 71, 67, 66, 67, 69, 69], [67, 67, 69, 71, 72, 72, 71, 69]]
[[71, 71, 67, 69, 71, 69, 67, 66], [64, 66, 71, 79, 78, 76, 74, 76, 77], [77, 76, 74, 73, 71, 69, 67, 67, 71, 69, 71, 72], [74, 74, 76, 76, 76, 77, 76, 74, 72], [71, 69, 71, 72, 68, 69, 67, 72, 71, 69, 67, 72, 71, 69], [71, 67, 69, 71, 69, 67, 66]]
[[71, 69, 71, 72, 74, 72, 71, 69, 67, 66, 67, 69], [71, 69, 67, 67, 67, 67, 69, 71, 72, 71], [69, 71, 72, 72, 71, 71, 71, 76, 76, 71, 81], [79, 78, 76, 78, 76, 74, 73, 74, 69, 67, 72, 71], [69, 71, 64, 66, 67, 69, 69, 71, 72, 74, 76], [76, 79, 72, 74, 76, 76, 74]]
[[69, 69, 66, 79, 78, 76, 74, 76, 78, 76, 74], [72, 71, 69, 71, 72, 74, 76, 74], [74, 72, 74, 76, 74, 76, 78, 62, 62, 69, 71, 69], [67, 69, 64, 64, 66, 67, 66, 64, 74, 74], [74, 74, 72, 71, 71, 69, 69, 71], [71, 69, 74, 71, 69, 67, 66, 64]]
[[71, 69, 67, 66, 67, 66, 64, 62, 64, 66, 67], [69, 71, 72, 71, 69, 69, 69, 69, 67, 69, 72, 71], [69, 71, 69, 67, 64, 71, 69, 67, 66], [67, 66, 64, 69, 71, 66, 67, 69, 69, 66, 67], [66, 67, 69, 71, 69, 67, 78, 76, 77, 76, 74], [74, 74, 72, 71, 69, 67, 66, 64, 66]]
[[64, 62, 62, 67, 66, 67, 69, 71, 72, 71], [69, 71, 72, 71, 71, 71, 76, 69, 67], [66, 67, 66, 64, 64, 71, 71, 69], [71, 67, 64, 69, 71, 67, 69, 69], [71, 72, 71, 69, 67, 64, 66, 64], [64, 64, 66, 67, 66, 67, 66, 64]]
[[67, 71, 72, 74, 74, 67, 67, 62, 67], [67, 66, 64, 64, 71, 72, 71, 69, 67, 72], [71, 69, 67, 67, 67, 66, 67, 67, 72, 72, 67], [64, 65, 74, 72, 71, 71, 71, 69], [71, 71, 69, 69, 72, 72, 71, 72, 74, 76, 74], [71, 69, 71, 71, 69, 69, 71, 72, 71, 69]]
[[71, 71, 72, 71, 69, 71, 71, 76, 69], [67, 66, 67, 69, 69, 71, 71, 64], [69, 67, 69, 69, 74, 76, 78, 76], [74, 74, 72, 72, 71, 74, 76], [78, 79, 78, 76, 78, 71, 72, 74], [71, 73, 75, 76, 76, 71, 71, 70]]
[[67, 71, 72, 74, 76, 78, 76, 74, 74, 71, 72, 71, 72, 71, 69, 71], [69, 67, 66, 67, 69, 69, 71, 72, 74, 76, 79], [79, 77, 76, 74, 72, 72, 76, 76, 76], [74, 71, 66, 67, 70, 71, 74, 71], [67, 69, 71, 69, 67, 66, 67, 69], [71, 71, 76, 74, 72, 71, 71]]
[[71, 74, 76, 72, 71, 72, 71, 69, 71, 73, 74], [74, 76, 77, 76, 72, 71, 71, 71, 69, 67, 66, 67, 69], [67, 66, 71, 69, 67, 67, 79, 78, 76], [78, 79, 78, 76, 74, 71, 72], [74, 72, 71, 69, 67, 72, 74, 72, 71, 69, 71, 73, 71, 70], [71, 71, 67, 66, 67, 69, 67]]
[[67, 69, 71, 72, 69, 67, 66, 67, 76, 78, 76, 77, 76, 74, 72, 71, 72, 71], [69, 67, 66, 64, 64, 69, 69, 69, 70], [69, 67, 69, 69, 69, 74, 71, 74], [76, 74, 72, 71, 69, 71, 76, 72, 71, 71], [71, 71, 72, 74, 71, 71, 72], [71, 64, 71, 69, 71, 71, 69, 67, 66, 67]]
[[69, 67, 69, 71, 72, 74, 72, 71, 69, 67, 66, 64, 66, 66], [64, 62, 61, 69, 69, 69, 71, 72, 71], [69, 71, 71, 74, 76, 76], [69, 74, 72, 71, 71, 69, 74, 72], [71, 72, 71, 69, 67, 66, 64, 66, 67], [66, 67, 67, 67, 69]]
[[71, 74, 72, 71, 72, 71, 76, 76], [74, 73, 74, 72, 76, 71, 76, 73, 74, 76, 78, 79], [77, 76, 76, 76, 74, 76, 78, 76], [74, 76, 72, 71, 72, 71, 71, 71, 71, 73], [74, 74, 76, 77, 76, 74, 72, 71, 69, 67, 69, 71, 69], [71, 66, 67, 67, 67, 66, 64]]
[[67, 69, 71, 69, 69, 67, 66, 67, 69, 71], [72, 71, 71, 71, 69, 71, 73], [74, 74, 72, 71, 71, 74, 76, 78], [79, 79, 78, 76, 75, 76, 71, 71, 74, 76, 78], [78, 79, 78, 76, 76, 74, 74, 72], [71, 74, 74, 79]]
[[71, 69, 67, 69, 71, 72, 74, 76, 69], [74, 73, 71, 76, 78, 79, 79], [78, 76, 76, 76, 76, 72, 71, 72], [69, 67, 71, 69, 69, 71], [67, 69, 71, 71, 69, 71, 72], [71, 71, 71, 69, 71, 69]]
[[79, 79, 78, 76, 77, 79, 81, 68, 76], [76, 78, 78, 69, 69, 71, 69, 67, 66, 67], [69, 67, 66, 64, 69, 69, 69], [67, 69, 71, 69, 71, 67, 67, 67, 69], [65, 67, 66, 67, 69, 69, 72, 74], [71, 79, 76, 76, 74, 72, 71]]
[[71, 71, 71, 69, 71, 76, 78, 79, 78], [76, 74, 71, 69, 71, 69, 69, 71, 72, 67, 69], [69, 71, 73, 74, 71, 71, 71, 76, 74], [73, 70, 69, 71, 67, 76, 76], [66, 66, 67, 69, 71, 77, 74, 72, 74, 76], [76, 69, 71, 72, 71, 72, 74, 76, 74, 72, 71, 69, 68]]
[[67, 67, 67, 66, 67, 64, 67, 67], [67, 66, 67, 64, 67, 67], [67, 66, 67, 67, 71, 66, 67], [62, 67, 66, 67, 66, 67, 67], [69, 71, 69, 71, 71, 73, 74, 76, 77, 76], [74, 74, 74, 72, 71, 69, 67, 67]]
[[76, 76, 74, 72, 71, 72, 74, 72, 71, 69, 67], [66, 67, 69, 71, 71, 69, 67], [66, 67, 69, 71, 71, 69, 69, 69], [71, 69, 67, 69, 71, 71, 76, 74, 76, 78], [79, 76, 78, 76, 74, 72, 71, 69, 67, 66, 68], [69, 69, 74, 74, 71, 69, 71, 62, 64, 67, 67]]
[[74, 72, 71, 69, 71, 69, 67, 66, 67, 69], [69, 67, 66, 74, 72, 71, 69, 67], [69, 71, 72, 74, 72, 71, 71, 71, 71, 69, 67], [66, 71, 71, 71, 71, 71, 69], [71, 74, 72, 71, 69, 71, 72, 71, 69, 67], [66, 69, 69, 71, 74, 69, 71]]
[[69, 71, 71, 73, 74, 78, 79, 78, 76, 74, 76], [76, 78, 79, 79, 78, 76, 78], [79, 81, 78, 79, 74, 76, 78, 76, 74], [71, 74, 74, 74, 74, 69, 71, 74], [71, 71, 73, 74, 76, 78, 78, 71], [76, 74, 74, 67, 76, 74, 72, 71, 69, 67, 66, 64]]
[[71, 71, 71, 76, 74, 73, 71, 72, 74], [72, 71, 72, 72, 67, 69, 71, 72, 67], [66, 67, 69, 69, 69, 69, 71, 72], [71, 72, 74, 69, 71, 76, 76], [76, 76, 74, 72, 71, 76, 76, 74], [74, 71, 69, 71, 72, 71, 69, 67]]
[[74, 72, 71, 72, 74, 76, 71, 69, 67, 79, 78, 76, 71, 69], [76, 74, 72, 71, 69, 71, 72, 74, 67], [72, 74, 72, 71, 69, 71, 67, 71, 71, 69, 67], [66, 62, 64, 66, 66, 67, 69, 71, 67, 67], [71, 72, 74, 74, 72, 71, 72, 71, 67, 69, 69, 69], [71, 65, 65, 67, 64]]
[[74, 71, 71, 71, 71, 76, 74, 72, 71, 69], [67, 66, 67, 76, 77, 79, 78, 76, 74], [76, 76, 74, 72, 71, 69, 71, 69, 71, 72, 74], [78, 71, 76, 74, 79, 76, 76], [74, 73, 71, 74, 69, 71, 72], [71, 69, 72, 69, 71, 69, 67]]
[[69, 67, 67, 64, 69, 65, 67], [67, 67, 69, 69, 71, 71, 72, 71], [69, 71, 73, 74, 71, 69, 67, 67, 72, 72], [74, 72, 71, 69, 67, 65, 64, 71, 72, 74], [76, 69, 71, 73, 74, 76, 74, 74, 73, 71, 73, 74, 76, 78, 79, 78, 76], [75, 76, 71, 71, 71, 71, 72, 71]]
[[71, 69, 71, 76, 78, 79, 79, 79, 79], [78, 76, 74, 74, 76, 74, 73, 74, 76, 78], [76, 78, 76, 74, 73, 71, 71, 71, 71, 71], [64, 66, 67, 69, 67, 69, 71, 67, 67], [67, 65, 64, 62, 67, 66], [64, 71, 71, 69, 71, 69, 68, 67]]
[[76, 76, 69, 71, 72, 71, 69], [67, 67, 67, 69, 65, 67, 69, 69], [67, 67, 66, 67, 67, 67, 66, 67, 69], [71, 72, 71, 69, 67, 76], [76, 71, 73, 74, 76, 78, 79, 78, 76, 74, 76, 74, 76, 74, 72], [71, 67, 67, 69, 71, 72, 72, 71, 69, 67]]
[[76, 71, 74, 72, 71, 69, 71, 72, 74, 72, 71, 69, 67], [69, 71, 72, 74, 79, 79, 81, 79], [79, 76, 73, 74, 74, 71, 72, 71, 69, 67, 66, 64], [74, 71, 69, 67, 66, 64, 64, 79, 67], [69, 71, 72, 74, 76, 67, 69, 71, 69, 67], [69, 69, 71, 69, 67, 69, 71, 69, 69, 67, 69, 71, 67]]
[[71, 71, 69, 67, 67, 66, 64, 71], [71, 69, 69, 65, 65, 67, 65, 64, 62], [64, 64, 64, 64, 67, 67, 69], [71, 69, 68, 69, 71, 67, 71, 71], [71, 76, 78, 80, 81, 71, 81, 79], [71, 67, 71, 72, 74, 74, 72, 71]]
[[71, 71, 67, 69, 71, 72, 74, 72, 71, 69, 67, 66], [67, 66, 64, 71, 72, 74, 72, 71, 69, 67, 66, 67, 69, 71], [69, 67, 67, 69, 71, 72, 72, 71, 69, 71, 72, 74], [72, 71, 69, 71, 71], [71, 69, 71, 67, 64, 69, 69, 71], [72, 76, 74, 72, 71, 76, 74, 72]]
[[64, 66, 67, 69, 71, 71, 69, 67, 69, 71], [72, 69, 67, 71, 67], [64, 66, 67, 67, 72, 71], [69, 71, 71, 69, 71], [71, 76, 76, 74, 72, 71, 72, 74, 72, 71, 70], [71, 67, 67, 67, 67, 66, 64, 62]]
[[64, 66, 67, 69, 71, 72, 74, 72, 71, 69, 71, 69, 71, 76, 74], [72, 71, 69, 74, 74, 71, 71, 67], [69, 71, 67, 64, 69, 69, 71, 73, 74], [74, 72, 72, 71, 69, 67, 67, 69, 71, 73], [74, 72, 71, 76, 77, 76, 76, 79, 79, 77, 76, 74, 72, 74, 72, 71, 72], [71, 66, 71, 73, 74, 76, 74, 76, 74, 72, 71]]
[[71, 71, 71, 71, 71, 67, 67, 69, 71], [71, 69, 71, 72, 69, 71, 71], [71, 69, 67, 67, 69, 71, 72, 71], [69, 71, 69, 67, 78, 76, 74, 72, 71], [69, 76, 79, 78, 76, 76, 74, 69], [71, 72, 71, 69, 69, 67, 69, 71]]
[[71, 71, 73, 74, 76, 78, 76, 74, 74, 72, 71], [72, 71, 69, 67, 67, 71, 71, 72, 74], [76, 78, 76, 77, 76, 74, 71, 71, 69, 71, 71], [74, 76, 74, 72, 71, 71, 76], [79, 81, 81, 79, 79, 79, 79, 76], [76, 71, 69, 67, 66, 64, 67, 64]]
[[71, 71, 66, 69, 71, 71, 66, 64], [71, 72, 74, 74, 76, 71, 71, 72], [74, 74, 72, 71, 67, 71, 69, 67], [66, 64, 66, 66, 67, 71, 74], [72, 71, 69, 67, 66, 64, 64, 71, 71], [71, 74, 76, 76, 74]]
[[69, 69, 69, 67, 66, 64, 66, 67, 67, 66], [66, 67, 69, 67, 67, 67, 67, 67], [67, 66, 67, 69, 71, 69, 69, 71, 71, 72], [72, 71, 76, 74, 72, 71, 72, 71, 71, 74, 74], [72, 71, 71, 69, 74, 72, 71, 69], [67, 67, 66, 67, 69, 67, 69, 69, 68]]
[[76, 76, 71, 69, 71, 72, 74, 71, 72, 71, 69], [69, 67, 69, 71, 67, 71, 71, 72, 71], [69, 67, 66, 67, 69, 69, 69, 71, 72], [71, 69, 67, 67, 74, 76], [76, 78, 76, 76, 78, 79, 72, 72, 71], [71, 66, 69, 67, 66, 64, 66, 67, 64]]
[[69, 71, 71, 72, 74, 72, 71, 69, 67, 66, 67, 66], [67, 66, 64, 62, 61, 69, 74, 72, 71, 69, 74, 72, 71], [67, 69, 71, 72, 71, 71, 69, 67, 71], [69, 67, 67, 67, 67, 79, 79], [79, 81, 79, 78, 79, 78, 79, 79, 71, 73, 71, 76, 74, 72], [71, 69, 74, 72, 71, 69, 67, 66, 64, 66]]
[[71, 71, 72, 74, 73, 71, 69, 71, 69, 67, 67], [71, 67, 67, 72, 74, 76, 74, 72], [71, 72, 69, 67, 69, 71, 69, 74, 76, 78], [76, 74, 76, 78, 76, 78], [79, 79, 78, 76, 74, 72, 71, 71, 72, 74, 76, 76], [73, 69, 74, 67, 69, 71, 72, 69, 62]]
[[76, 76, 78, 79, 76, 74, 76, 76], [74, 71, 71, 69, 67, 66, 67], [69, 67, 66, 67, 67, 67, 69, 71, 69], [67, 67, 67, 67, 67, 69, 71, 71], [72, 74, 76, 74, 72, 71, 69, 71, 72], [74, 71, 69, 69, 67, 66, 67]]
[[67, 67, 67, 69, 71, 72, 74, 72, 71], [71, 69, 71, 67, 71, 71, 72], [74, 74, 72, 71, 72, 71, 69, 69, 67, 69], [67, 66, 67, 69, 71, 71, 69], [71, 72, 74, 76, 74, 73, 67, 76, 78, 76, 74, 72, 71, 70, 71], [71, 74, 69, 71, 72, 71, 69, 67]]
[[71, 74, 72, 71, 69, 71, 67, 69, 71, 72, 71], [69, 67, 67, 67, 74, 76, 78, 76], [71, 71, 71, 72, 74, 74, 69, 71, 69], [69, 62, 67, 66, 64, 67, 69, 69], [67, 69, 71, 67, 67, 67, 67, 71], [72, 71, 67, 67, 66, 64, 63]]
[[71, 71, 72, 74, 72, 71, 69, 69, 71, 72, 71, 76, 74], [72, 71, 72, 71, 71, 71, 69, 67], [69, 71, 69, 69, 69, 73, 74, 76, 78], [76, 76, 74, 74, 74, 67, 69, 71], [72, 72, 71, 72, 74, 74, 72, 71, 67], [67, 69, 71, 72, 74, 72, 71, 69, 71, 72, 74, 76, 74, 73]]
[[69, 71, 72, 74, 76, 78, 79, 78, 76, 74, 72, 71, 72, 74, 72], [71, 69, 68, 69, 69, 66, 67, 62, 64], [67, 67, 67, 76, 74, 74, 74], [72, 71, 69, 67, 66, 67, 69, 71, 71, 71, 72, 71], [69, 67, 67, 69, 71, 71, 71, 70], [71, 76, 76, 74, 72, 66, 67, 69]]
[[79, 79, 79, 74, 76, 78, 76, 74, 73, 74], [76, 76, 74, 73, 74, 74, 72, 71, 70], [70, 71, 74, 76, 78, 76, 74, 67, 74, 72, 71, 69, 67, 65], [67, 66, 66, 64, 66, 67, 64, 67, 74, 76], [74, 74, 72, 71, 69, 71, 69, 69], [67, 74, 72, 74, 71, 72, 71]]
[[67, 69, 71, 71, 69, 71, 65, 67, 69], [69, 67, 67, 67, 69, 71, 72], [74, 69, 71, 71, 71, 71, 71, 67], [71, 71, 69, 68, 69, 71, 72], [71, 69, 71, 67, 69, 71, 72, 67, 73, 71, 69, 67, 66, 67], [74, 74, 72, 71, 69, 68]]
[[71, 76, 76, 74, 76, 74, 72, 71, 72, 72, 74, 76], [76, 74, 74, 71, 76, 73, 74], [78, 76, 74, 76, 74, 76, 73, 71, 71, 71, 72, 74], [76, 76, 79, 79, 78, 76, 79, 78], [79, 78, 76, 74, 72, 71, 69, 67, 69, 71, 72, 72, 71, 69], [71, 64, 66, 67, 69, 67, 66, 64, 66]]
[[66, 67, 69, 71, 69, 67, 69, 64, 62, 64, 67], [66, 64, 66, 67, 69, 71, 69, 67], [64, 66, 67, 66, 64, 76, 76], [69, 74, 72, 71, 69, 67, 72, 74], [76, 78, 79, 76, 78, 79, 78, 79], [76, 71, 72, 74, 76, 78, 79, 77, 76]]
[[71, 76, 74, 72, 71, 72, 74, 76, 74, 72, 71, 69, 71, 72], [71, 67, 67, 72, 71, 69, 67, 69, 71, 72], [71, 73, 74, 74, 76, 74], [72, 67, 69, 71, 69, 74, 71], [67, 72, 71, 69, 71, 72, 71, 69, 67], [67, 67, 69, 71, 69, 71, 72, 71, 69, 67]]
[[69, 67, 66, 64, 62, 71, 69, 67, 66, 64, 66, 67], [65, 67, 69, 69, 67, 67, 69, 69], [71, 69, 71, 72, 71, 71, 74, 74, 72], [71, 69, 72, 71, 71, 69, 67, 67, 67, 69, 67], [69, 71, 71, 76, 78, 76, 74, 72], [71, 69, 67, 66, 64, 69, 69, 67, 69, 67]]
[[71, 71, 72, 74, 74, 74, 69, 67], [66, 67, 69, 71, 73, 74], [76, 78, 79, 77, 76, 74, 76, 69, 71, 69], [71, 67, 64, 66, 67, 62, 65, 74, 76], [77, 76, 74, 72, 71, 71, 72, 71, 69, 71, 72], [71, 76, 78, 76, 74, 73, 71, 72, 74]]
[[67, 67, 67, 69, 71, 72, 72, 71, 69, 71], [72, 71, 69, 67, 69, 71, 73, 74, 76], [76, 78, 76, 71, 71, 74, 72, 71], [69, 74, 67, 64, 62, 71, 71, 72, 74], [72, 71, 69, 71, 72, 71, 76, 74, 72, 71, 72, 71, 71], [71, 71, 71, 72, 74, 76]]
[[67, 67, 67, 67, 69, 71, 64, 69], [67, 66, 67, 67, 66, 67, 69], [71, 72, 74, 72, 71, 69, 71, 64, 71, 71, 69], [71, 67, 66, 67, 69, 64, 74, 76, 78], [79, 79, 72, 71, 72, 71, 69, 67, 65, 67, 65, 64], [64, 71, 67, 67, 67, 66, 64]]
[[76, 76, 74, 72, 71, 76, 74, 73], [74, 76, 73, 76, 78, 79, 79, 79], [76, 78, 79, 78, 76, 76, 74, 76, 76, 74, 76], [72, 71, 69, 69, 69, 71, 69], [69, 67, 65, 71, 67, 66, 64, 66, 67, 69], [71, 71, 71, 69, 67, 66, 67]]
[[71, 71, 71, 71, 69, 67, 66, 64, 74], [72, 71, 71, 69, 69, 71, 69], [71, 73, 74, 76, 69, 69, 67, 67, 69], [71, 69, 67, 69, 71, 72, 71, 71, 71, 69], [67, 62, 64, 66, 71, 71, 69, 67, 72], [71, 69, 69, 67, 66, 64]]
[[74, 76, 76, 76, 71, 76, 76, 74, 72, 71], [69, 71, 71, 69, 67, 67, 74, 76, 74, 72, 71, 72], [74, 72, 71, 69, 71, 72, 71, 79, 79, 79], [71, 69, 71, 71, 71, 71, 74], [67, 76, 72, 74, 74, 72, 74, 76], [74, 71, 67, 66, 67, 64, 62]]
[[79, 79, 79, 79, 76, 78, 79, 71], [74, 73, 71, 69, 74, 76, 78, 76, 74, 73, 74, 76], [78, 76, 74, 71, 69, 71, 69, 67, 69], [71, 72, 71, 69, 71, 72, 71, 69, 69, 74, 69], [79, 74, 72, 71, 76, 78, 76, 74, 72, 71, 69, 69, 71, 69, 67], [66, 64, 71, 67, 69, 71, 72, 71, 69]]
[[67, 67, 67, 66, 67, 69, 71, 67, 67], [69, 71, 69, 69, 74, 76, 71, 72], [71, 69, 67, 69, 71, 71, 72, 71, 69], [71, 69, 71, 69, 71, 71, 71], [71, 69, 71, 72, 74, 69, 72, 72], [71, 64, 67, 67, 67, 66, 64]]
[[71, 71, 72, 74, 69, 71, 69, 67, 66, 67, 69, 71], [72, 74, 76, 67, 67, 71, 72, 71, 69], [71, 69, 69, 69, 71, 72, 71], [69, 67, 66, 67, 69, 71, 67, 67, 67], [69, 67, 65, 67, 69, 69, 71, 72, 67, 69, 71], [67, 69, 67, 66, 64, 62, 67, 67, 66]]
[[71, 74, 74, 71, 67, 69, 71, 72, 74, 76], [74, 72, 71, 69, 74, 76, 77, 79, 78, 76, 74, 72], [71, 76, 77, 76, 74, 74, 76, 74, 72, 71], [76, 78, 79, 74, 76, 74, 72, 74, 76], [76, 74, 71, 71, 72, 72, 71, 69], [71, 67, 74, 79, 76, 72, 71, 69, 67]]
[[71, 71, 73, 74, 76, 78, 79, 78, 76, 74], [76, 78, 79, 74, 74, 76, 78, 79, 78, 76, 74, 74], [76, 78, 76, 74, 72, 74, 76, 76, 71, 71, 71], [69, 67, 66, 64, 69, 69, 71, 71, 71], [71, 71, 72, 67, 67, 72, 71], [69, 72, 74, 69, 69, 71, 72, 71]]
[[69, 69, 72, 76, 76, 74, 72, 71, 72, 74, 72], [71, 69, 71, 69, 71, 66, 67, 69], [71, 69, 69, 69, 69, 67, 64], [65, 66, 67, 69, 71, 69, 69], [71, 76, 78, 74, 76, 74, 72, 71], [69, 67, 76, 74, 71, 69, 67, 65, 64, 67]]
[[71, 69, 67, 69, 64, 67, 66, 64, 62, 64, 65], [71, 69, 67, 78, 74, 74, 76], [78, 72, 71, 69, 71, 71, 71, 71, 69], [67, 66, 67, 70, 71, 73, 74], [76, 76, 78, 79, 76, 73, 74, 79, 78, 76, 75], [76, 76, 76, 74, 72, 71, 69, 71, 69, 67]]
[[74, 74, 74, 72, 71, 76, 78, 76, 74], [72, 72, 71, 69, 71, 71, 69, 67, 81], [78, 76, 74, 72, 71, 69, 67, 67, 67, 67], [69, 71, 72, 71, 69, 67, 69, 69], [71, 72, 71, 69, 71, 76, 78, 79, 78, 76], [76, 74, 72, 71, 73, 74, 73, 68]]
[[69, 74, 72, 71, 73, 74, 76, 78, 74, 72, 71, 72], [72, 71, 71, 72, 71, 69, 71], [72, 74, 71, 69, 69, 74, 71, 69, 71], [69, 71, 72, 67, 67, 66, 67, 67, 71, 67], [71, 72, 71, 69, 69, 67, 69], [69, 71, 71, 72, 74, 66, 67, 69, 68]]
[[67, 67, 67, 69, 71, 72, 74, 71, 72, 71, 69, 71], [72, 71, 69, 79, 76, 76, 78], [74, 76, 78, 79, 79, 76, 71], [71, 69, 71, 73, 74, 74, 72, 71], [69, 67, 65, 66, 67, 69, 71, 69], [69, 69, 71, 69, 67, 66, 67, 69, 71]]
[[71, 71, 71, 71, 71, 69, 71, 74, 72], [72, 71, 69, 71, 76, 76, 74, 72, 71, 72], [71, 69, 69, 69, 74, 76, 79, 78], [76, 72, 74, 76, 74, 72, 71, 69, 71], [69, 67, 69, 71, 72, 71, 69, 71, 72, 74, 76, 74], [71, 69, 71, 69, 67, 66, 64]]
[[71, 67, 69, 71, 72, 71, 69, 71, 72], [69, 67, 69, 71, 69, 69, 64, 66, 67], [69, 71, 69, 68, 68, 71, 67, 67, 69], [71, 71, 73, 74, 73, 74, 76, 74], [76, 78, 79, 77, 76, 78, 79, 79, 78, 76, 74, 72, 71], [71, 71, 71, 69, 71, 67]]
[[69, 71, 71, 73, 74, 77, 74, 69, 71, 72, 71, 69, 67], [71, 69, 67, 69, 67, 69, 69, 67, 67, 66, 71, 69, 67, 77, 76, 74], [76, 74, 72, 75, 76, 71, 71, 71, 67, 71], [74, 71, 69, 69, 71, 71, 71], [71, 72, 74, 76, 74, 72, 74, 72, 71, 69], [67, 74, 73, 71, 69, 68]]
[[71, 76, 76, 74, 76, 71, 71, 69, 67, 67], [66, 64, 71, 69, 71, 72], [72, 71, 69, 67, 66, 67, 67, 67, 74, 76, 76], [74, 76, 78, 79, 74, 72, 71, 69, 76, 76], [78, 79, 81, 79, 78, 76, 78, 79, 71, 76, 74, 72, 71], [71, 74, 74, 67, 64]]
[[72, 71, 71, 71, 69, 71, 69, 67], [66, 67, 67, 67, 74, 74, 71, 72, 74], [76, 69, 71, 71, 76, 78], [79, 71, 69, 67, 67, 67, 67, 67, 74], [69, 71, 72, 66, 67, 69, 70, 69, 67, 69], [67, 74, 71, 71, 69, 71, 69, 68]]
[[71, 71, 71, 71, 76, 74, 72, 74, 76, 69, 72, 71], [69, 67, 66, 67, 64, 69], [66, 69, 67, 67, 67, 71, 71, 72], [74, 69, 67, 66, 64, 76, 76], [76, 74, 76, 78, 76, 74, 72, 71, 69, 71], [71, 71, 69, 71, 72, 71, 67, 67, 64]]
[[71, 66, 67, 69, 71, 72, 71, 69, 69, 67], [65, 64, 62, 69, 71, 71, 74], [71, 71, 69, 71, 71, 71, 71, 69, 67], [66, 67, 69, 71, 69, 71, 67], [67, 67, 67, 74, 72, 71, 71], [69, 72, 69, 69, 71, 68, 66]]
[[67, 67, 69, 67, 66, 79, 78, 76], [76, 74, 74, 73, 74, 71, 71, 72, 74], [69, 71, 72, 71, 69, 69, 67, 69, 69, 71], [72, 71, 69, 71, 76, 74, 72, 71, 69, 69, 69, 71], [72, 71, 69, 71, 67, 72, 71, 69], [69, 74, 72, 71, 72, 74, 72, 71]]
[[79, 78, 74, 79, 78, 76, 78, 76], [76, 76, 71, 71, 69, 71], [67, 64, 66, 67, 67, 69, 71, 72, 71], [69, 67, 66, 67, 69, 68, 71, 69], [67, 67, 64, 69, 67, 66, 64, 62, 69, 71, 69, 67], [71, 72, 71, 69, 69, 67, 66]]
[[69, 69, 67, 67, 67, 66, 81, 66, 67, 78, 76, 74, 76, 77], [76, 74, 72, 71, 66, 65, 67, 69, 67], [64, 69, 71, 69, 69, 69, 69, 69, 71], [69, 67, 69, 65, 64, 64, 66, 64, 66], [67, 69, 67, 69, 71, 72, 74, 72, 71], [71, 64, 71, 69, 71, 72, 71, 69, 67, 66, 68, 69, 67]]
[[67, 74, 74, 69, 71, 73, 74, 76, 78, 79], [78, 76, 75, 76, 71, 72, 71, 71, 69, 67], [66, 71, 69, 67, 66, 66, 74, 72, 71], [69, 71, 72, 71, 69, 71, 76, 71], [76, 69, 71, 73, 74, 71, 67, 66, 67, 69], [67, 69, 69, 69, 69, 69, 71, 67]]
[[71, 72, 74, 76, 78, 79, 81, 79, 78, 76, 74, 72, 71, 69, 67], [67, 66, 64, 72, 71, 69, 67, 69], [71, 72, 74, 76, 74, 72, 71, 69, 69, 71, 71, 71], [71, 71, 71, 67, 67, 69, 71, 69, 67], [69, 71, 72, 71, 72, 71, 74, 72, 74, 76, 72], [71, 72, 71, 69, 67, 66, 64]]
[[67, 67, 67, 72, 74, 76, 74, 72, 71, 72], [71, 69, 71, 67, 69, 69, 71], [71, 71, 71, 71, 71, 71, 71, 67], [67, 69, 69, 71, 72, 74, 71, 66, 67], [69, 71, 73, 74, 76, 76, 74, 72, 71, 69, 71, 72, 71], [71, 76, 74, 76, 78, 76, 74]]
[[67, 67, 69, 71, 69, 67, 66, 67, 69, 71, 72, 67, 72], [67, 69, 71, 72, 69, 66, 71, 71, 69, 67], [69, 67, 66, 64, 64, 67, 69, 71, 71, 72], [74, 72, 71, 76, 74, 73, 74, 69, 69, 69], [71, 72, 71, 69, 67, 66, 67, 69], [69, 67, 66, 67, 71, 71, 69, 67]]
[[67, 69, 69, 71, 72, 71, 69, 71, 67], [67, 67, 69, 69, 67, 69, 71, 71], [73, 74, 76, 74, 71, 73, 74, 74, 71, 71, 71], [69, 67, 71, 73, 74, 69, 71, 69, 67], [66, 67, 72, 71, 69, 67, 66, 67, 69, 76, 76, 75], [76, 79, 79, 78, 76, 78, 76, 74]]
[[69, 69, 71, 72, 74, 76, 74, 72], [69, 67, 67, 78, 79, 79, 74], [69, 71, 69, 67, 67, 67, 69, 71], [69, 69, 67, 69, 71, 72, 74, 72, 71, 71, 71], [71, 69, 67, 66, 67, 69, 71, 67, 67, 67, 69], [71, 69, 65, 71, 73, 74, 73, 71]]
[[71, 76, 71, 76, 74, 76, 78, 76, 74, 76, 78, 76, 74, 72, 74, 76, 72], [70, 69, 71, 67, 66, 64, 78, 76, 74], [73, 74, 76, 74, 76, 78, 79, 78, 76, 76, 76], [78, 76, 74, 74, 72, 69, 69, 71, 72], [74, 67, 72, 65, 64, 62, 67, 64], [62, 71, 74, 72, 71, 69, 67]]
[[76, 78, 79, 79, 78, 76, 74, 72, 71], [69, 67, 66, 64, 67, 71, 71, 71, 78], [79, 78, 76, 74, 74, 71, 72, 71], [69, 71, 73, 74, 71, 72, 69, 71, 74], [72, 71, 69, 71, 71, 69, 71, 72, 71, 69, 69, 67], [67, 81, 79, 78, 76, 74, 72, 71]]
[[71, 66, 67, 69, 71, 69, 67, 69, 71], [71, 66, 67, 69, 71, 76, 78, 79], [76, 79, 79, 78, 76, 75, 75, 76, 76, 69], [71, 69, 71, 72, 71, 67, 67], [69, 67, 65, 67, 69, 71, 72, 74, 76, 74, 72, 71], [71, 71, 76, 74, 72, 71, 72, 74, 67]]
[[71, 71, 69, 71, 73, 74, 76, 74, 72], [71, 71, 67, 74, 71, 71, 71], [69, 67, 67, 66, 64, 64, 71, 69, 71, 69], [67, 69, 71, 69, 67, 66, 69, 71, 72, 66], [74, 71, 74, 72, 74, 79, 76, 76, 74, 71, 71], [73, 74, 71, 69, 67, 66, 64, 69, 71, 69, 67, 66, 64]]
[[74, 74, 74, 76, 71, 71, 74, 71, 67], [69, 69, 71, 71, 71, 72, 71], [69, 71, 72, 71, 69, 67, 66, 67, 69, 71, 71, 71, 71, 72], [74, 73, 71, 71, 69, 69, 66, 67], [69, 69, 67, 64, 66, 67, 66], [64, 67, 66, 67, 67, 65, 64, 66]]
[[64, 64, 64, 66, 67, 66, 71, 69, 71, 73], [74, 74, 72, 72, 74, 76, 78, 79], [72, 72, 72, 71, 71, 71, 69, 71], [71, 66, 67, 69, 71, 72, 71, 72, 67], [71, 74, 74, 72, 71, 69, 71, 72, 74, 72, 71, 69], [67, 67, 69, 71, 71, 72, 71, 69, 69]]
[[69, 71, 69, 67, 64, 62, 67, 66], [67, 69, 71, 71, 72, 71, 69, 67, 66, 67], [69, 67, 66, 76, 74, 76], [74, 72, 71, 72, 74, 72, 71, 69, 71, 72, 74, 69, 72], [71, 69, 74, 74, 74, 76, 71, 66], [68, 69, 71, 66, 67, 66, 64, 66, 67]]
[[71, 71, 72, 71, 69, 67, 69, 71, 72, 74, 72, 71, 69, 67, 66], [67, 66, 64, 69, 71], [71, 69, 67, 67, 69, 71, 72, 74, 74, 71], [72, 71, 69, 69, 69, 67, 67, 67], [67, 71, 71, 72, 74, 69, 71, 67, 69, 71, 72], [71, 72, 71, 69, 67]]
[[71, 71, 71, 72, 72, 71, 69, 71, 72, 74], [72, 71, 69, 67, 71, 69, 71, 72, 71, 69], [71, 71, 69, 71, 71, 74, 76, 76], [76, 77, 76, 74, 72, 71, 67, 67], [69, 71, 67, 69, 71, 71, 69, 67, 66, 67, 67, 65, 67], [66, 67, 67, 69, 71, 69, 71, 69, 67]]
[[69, 73, 71, 76, 76, 78, 76, 74, 76, 74, 72, 71], [69, 69, 74, 71, 67, 66], [71, 69, 69, 69, 69, 71, 72], [71, 69, 71, 69, 67, 69, 67, 71, 71, 73], [74, 76, 78, 76, 75, 76, 78, 79, 76], [74, 79, 66, 69, 67, 66, 67, 69]]
[[74, 74, 76, 78, 79, 72, 71, 69, 76, 78, 79], [76, 74, 76, 74, 76, 74, 72, 71, 69, 76], [76, 78, 79, 77, 76, 75, 76, 76, 74, 73, 74, 71, 73], [74, 76, 78, 75, 76, 76, 76], [76, 74, 76, 78, 79, 78, 79, 73, 74], [71, 71, 71, 69, 67, 65, 64, 66]]
[[71, 67, 69, 71, 73, 74, 74, 76, 78, 74, 76, 77], [79, 74, 76, 74, 72, 71, 69, 79, 74, 67, 72], [74, 71, 72, 71, 71, 69, 71, 74], [74, 72, 71, 71, 69, 69, 74], [69, 67, 69, 78, 76, 66, 77, 76, 78, 79, 81, 79, 78], [79, 67, 74, 72, 71, 69, 68]]
[[71, 69, 71, 72, 71, 69, 67, 67], [67, 69, 71, 66, 67, 66, 67, 69], [71, 72, 71, 69, 67, 79, 79, 78, 76, 74], [72, 71, 69, 71, 72, 71, 69, 69, 69, 71, 72], [72, 66, 71, 69, 67, 66, 67, 64], [64, 69, 71, 69, 67, 66, 67]]
[[71, 67, 72, 71, 69, 67, 67, 67], [66, 62, 67, 76, 78, 79, 74], [74, 76, 76, 74, 73, 71, 71, 71, 72, 74, 76, 78, 79], [79, 71, 67, 69, 66, 69, 71, 73], [74, 76, 74, 72, 69, 71, 66, 67, 69, 71], [71, 67, 67, 76, 74, 72, 74, 72, 71]]
[[71, 76, 76, 74, 72, 71, 72, 71, 69, 67, 66, 67], [69, 67, 66, 76, 78, 79, 78, 76], [74, 72, 74, 76, 78, 79, 79, 71, 72, 71, 69, 67], [66, 67, 69, 67, 66, 64, 67, 69], [69, 71, 76, 76, 74, 73, 71, 69, 67, 69], [67, 69, 67, 69, 71, 69, 67, 68]]
